50
3.72112 7.77245 5.80981 6.69942 0.860622 8.47804 0.763451 0.254341 0.42494 0.924711 3.96313 1.54234 1.52208 1.47679  2048 2048 388 0 0 80.7028 2.80631 59.9856 10.4707 0.322266 0.169922
3.42082 7.77245 5.73626 6.69942 3.04117 8.47804 0.763451 0.254341 0.42494 0.924711 3.96313 1.54234 1.52208 1.47679  2048 2048 383 0 0 80.086 2.81001 59.9855 10.3711 0.48877 0.034668
3.42082 7.77245 5.73626 6.69942 3.04117 8.47804 0.763451 0.254341 0.42494 0.924711 3.96313 1.98321 1.52208 1.01572  2048 2048 383 0 0 80.1026 2.79628 59.9855 10.3752 0.493164 0.03125
3.42082 7.77245 5.73626 6.69942 3.04117 8.47804 0.763451 0.711264 0.42494 0.924711 3.96313 1.54234 1.52208 1.47679  2048 2048 385 0 0 79.9526 2.73986 59.9855 10.3058 0.34375 0.199219
3.72112 7.77245 5.73626 6.69942 3.04117 8.47804 0.763451 0.254341 0.42494 0.924711 3.96313 1.98321 1.52208 1.01572  2048 2048 388 0 0 80.5694 2.80303 59.9856 10.4935 0.29541 0.226074
3.72112 7.77245 5.73626 6.69942 0.860622 8.47804 0.763451 1.37724 0.42494 0.924711 3.96313 1.54234 1.52208 1.47679  2048 2048 389 0 0 79.9026 2.83423 59.9855 10.3256 0.503418 0.942383
3.42082 7.77245 5.80981 6.69942 0.860622 8.47804 0.763451 0.711264 0.42494 0.924711 3.96313 1.54234 1.52208 1.47679  2048 2048 385 0 0 79.7692 2.80938 59.9855 10.2831 0.381348 0.181641
3.72112 7.88537 5.73626 6.69942 0.860622 8.47804 1.37986 0.254341 0.42494 0.924711 3.96313 1.54234 1.52208 1.47679  2048 2048 388 0 0 80.1693 2.87121 59.9855 10.3793 0.29541 0.347656
3.42082 7.77245 5.80981 6.69942 3.04117 40.0021 0.763451 0.711264 0.42494 0.924711 3.96313 1.54234 1.52208 1.47679  2048 2048 394 0 0 80.086 3.10028 59.9855 11.661 7.72998 3.94238
3.72112 7.77245 5.73626 6.69942 3.04117 8.47804 0.763451 0.254341 0.42494 0.924711 3.96313 1.54234 1.52208 1.47679  2048 2048 387 0 0 80.5527 2.8081 59.9856 10.4864 0.295898 0.230957
3.72112 7.77245 5.80981 6.69942 0.860622 8.47804 0.763451 0.254341 0.42494 0.924711 3.96313 0.35725 1.52208 1.47679  2048 2048 389 0 0 81.1362 2.74508 59.9856 10.5287 0.276367 0.309082
3.72112 7.77245 5.73626 6.69942 3.04117 8.47804 0.763451 0.254341 0.42494 0.924711 3.96313 1.98321 1.52208 1.47679  2048 2048 387 0 0 80.9361 2.86187 59.9856 10.4738 0.321777 0.195801
3.42082 7.77245 5.73626 6.69942 0.860622 8.47804 0.763451 0.254341 0.42494 0.924711 3.96313 1.54234 1.52208 1.47679  2048 2048 383 0 0 79.8192 2.78452 59.9855 10.3532 0.622559 0.0195313
3.42082 7.77245 5.73626 6.69942 3.04117 8.47804 0.763451 0.254341 0.42494 0.924711 3.96313 1.3845 1.52208 1.47679  2048 2048 383 0 0 80.1526 2.82388 59.9855 10.3753 0.508301 0.0375977
3.72112 7.77245 5.73626 6.69942 3.04117 8.47804 0.763451 0.254341 0.42494 0.924711 3.96313 1.54234 1.52208 1.01572  2048 2048 389 0 0 80.8028 2.77071 59.9856 10.5074 0.320801 0.265625
3.42082 7.77245 5.73626 6.69942 8.47804 36.0698 0.763451 0.254341 0.42494 0.924711 3.96313 1.98321 1.52208 1.01572  2048 2048 386 0 0 79.4192 3.09175 59.9855 10.8441 5.87207 3.75146
3.72112 7.77245 5.73626 6.69942 0.860622 8.47804 0.763451 0.254341 0.42494 0.924711 14.163 1.54234 1.52208 1.47679  2048 2048 369 0 0 78.8024 2.83898 59.9855 10.1843 0.754883 0.575195
3.42082 7.77245 5.73626 6.69942 3.04117 18.8452 0.763451 0.711264 0.42494 0.924711 3.96313 1.54234 1.52208 1.47679  2048 2048 381 0 0 79.1524 2.87026 59.9855 10.4325 3.7373 3.24951
3.42082 7.77245 5.73626 6.69942 3.04117 8.47804 0.763451 0.254341 0.42494 0.924711 3.96313 1.54234 1.52208 1.01572  2048 2048 383 0 0 80.3527 2.72851 59.9855 10.3859 0.511719 0.0395508
3.42082 7.77245 5.73626 6.69942 3.04117 8.47804 0.763451 1.99329 0.42494 0.924711 3.96313 1.98321 1.52208 1.01572  2048 2048 386 0 0 79.5192 2.7721 59.9855 10.2765 0.772461 0.914063
8.79849 7.77245 5.73626 6.69942 0.860622 8.47804 0.763451 0.254341 0.42494 0.924711 3.96313 1.54234 1.52208 1.47679  2048 2048 991 1266 0 118.994 3.26767 59.9861 10.0775 12.6738 3.52588
3.42082 7.77245 5.73626 6.69942 3.04117 8.47804 0.763451 0.711264 0.42494 0.924711 3.96313 1.98321 1.52208 1.01572  2048 2048 385 0 0 79.9026 2.75634 59.9855 10.3076 0.334961 0.193359
3.72112 7.77245 5.73626 6.69942 0.860622 8.47804 0.763451 0.254341 0.42494 0.924711 3.96313 1.54234 1.52208 1.47679  2048 2048 388 0 0 80.5527 2.73342 59.9856 10.4645 0.334473 0.19873
3.42082 7.77245 5.73626 6.69942 3.04117 8.47804 0.763451 0.254341 0.42494 0.924711 18.1994 1.54234 1.52208 1.01572  2048 2048 364 0 0 78.5356 2.64448 59.9855 10.137 0.605469 0.728027
3.42082 7.77245 5.80981 6.69942 3.04117 8.47804 0.763451 0.711264 0.42494 0.924711 3.96313 1.54234 1.52208 1.47679  2048 2048 385 0 0 80.0026 2.77419 59.9855 10.3115 0.35791 0.17627
3.42082 7.77245 5.73626 6.69942 3.04117 43.7696 0.763451 0.254341 0.42494 0.924711 3.96313 1.54234 1.52208 1.47679  2048 2048 390 0 0 79.6359 2.93066 59.9855 11.1012 6.25244 3.86963
3.42082 4.66506 5.73626 6.69942 0.860622 8.47804 0.763451 0.711264 0.42494 0.924711 3.96313 1.54234 1.52208 1.47679  2048 2048 372 0 0 79.1191 2.73278 59.9855 10.1671 1.35254 0.027832
3.42082 7.77245 5.73626 6.69942 3.04117 8.47804 0.763451 0.254341 0.42494 0.924711 3.96313 1.98321 0.964263 1.47679  2048 2048 383 0 0 80.3527 2.72259 59.9855 10.3587 0.501465 0.0322266
3.72112 7.77245 5.80981 6.69942 3.04117 8.47804 0.763451 0.254341 0.42494 0.924711 3.96313 1.54234 1.52208 1.47679  2048 2048 388 0 0 81.1362 2.72586 59.9856 10.4937 0.352051 0.204102
3.72112 7.77245 5.80981 6.69942 8.47804 22.0588 0.763451 0.254341 0.42494 0.924711 3.96313 1.54234 1.52208 1.47679  2048 2048 387 0 0 79.6692 2.77605 59.9855 10.3855 2.54346 2.95117
3.72112 7.77245 5.73626 6.69942 0.860622 8.47804 0.162481 0.254341 0.42494 0.924711 5.65142 1.98321 1.52208 1.47679  2048 2048 382 0 0 79.8692 2.88865 59.9855 10.5411 1.31689 0.0473633
1.79144 7.77245 1.18809 6.69942 3.04117 8.47804 0.763451 1.23154 1.11203 0.924711 2.66732 1.54234 1.52208 1.47679  2048 2048 348 0 0 77.9522 2.71943 59.9855 10.2534 4.63428 3.85449
3.42082 7.77245 5.73626 6.69942 3.04117 8.47804 0.763451 1.96423 0.42494 0.924711 3.96313 1.54234 1.52208 0.468825  2048 2048 389 0 0 79.6525 2.71815 59.9855 10.2948 0.662109 1.04102
3.72112 7.77245 5.80981 6.69942 3.04117 8.47804 0.763451 0.254341 0.42494 0.924711 3.96313 1.98321 1.52208 1.01572  2048 2048 388 0 0 80.5694 2.71459 59.9856 10.5012 0.322754 0.202637
3.42082 7.77245 5.73626 6.69942 3.04117 8.47804 0.763451 0.254341 0.42494 0.924711 3.96313 1.98321 1.52208 1.47679  2048 2048 383 0 0 80.1026 2.74195 59.9855 10.3619 0.526367 0.0229492
3.42082 7.77245 5.80981 6.69942 3.04117 8.47804 0.763451 0.254341 0.42494 0.924711 3.96313 1.98321 1.52208 1.47679  2048 2048 385 0 0 80.2527 2.75911 59.9855 10.3672 0.588379 0.0161133
3.42082 6.80074 5.73626 6.69942 3.04117 8.47804 0.763451 0.711264 0.42494 0.924711 3.96313 1.54234 1.52208 1.47679  2048 2048 382 0 0 79.6359 2.61506 59.9855 10.2641 0.501953 0.123047
3.72112 7.77245 5.80981 5.90045 0.860622 8.47804 0.763451 0.254341 0.42494 0.924711 3.96313 1.87298 1.52208 1.47679  2048 2048 386 0 0 80.6194 2.76314 59.9856 10.4342 0.32373 0.293945
3.72112 7.77245 5.73626 14.2393 0.860622 8.47804 0.763451 0.254341 0.42494 0.924711 3.96313 1.54234 1.52208 1.47679  2048 2048 389 0 0 83.7701 2.85157 59.9856 10.8197 2.83447 0
3.72112 7.77245 5.80981 6.69942 0.860622 8.47804 1.83801 0.254341 0.42494 0.924711 3.96313 1.54234 1.52208 1.47679  2048 2048 389 0 0 80.086 2.72668 59.9855 10.3408 0.314453 0.401367
3.42082 7.77245 5.73626 6.69942 3.04117 8.47804 0.763451 0.254341 0.42494 0.924711 9.80804 1.98321 1.52208 1.01572  2048 2048 376 0 0 79.0691 2.7393 59.9855 10.1927 0.748047 0.0546875
3.42082 7.77245 5.80981 6.69942 0.860622 8.47804 0.763451 0.254341 0.42494 0.924711 3.96313 1.54234 1.52208 1.47679  2048 2048 383 0 0 79.8692 2.70294 59.9855 10.3583 0.6875 0.015625
3.42082 7.77245 5.73626 6.69942 3.04117 8.47804 0.763451 0.711264 1.39683 0.924711 3.96313 1.54234 1.52208 1.47679  2048 2048 388 0 0 79.4525 2.78467 59.9855 10.2419 0.51123 0.687988
3.42082 7.77245 0.3296 6.69942 3.04117 8.47804 0.763451 0.711264 0.42494 0.924711 3.96313 1.98321 1.52208 1.09995  2048 2048 378 0 0 79.0691 2.76006 59.9855 10.2733 1.36279 2.97412
3.72112 7.77245 5.73626 6.69942 3.04117 8.47804 1.65081 0.254341 0.42494 0.924711 3.96313 1.98321 1.52208 1.01572  2048 2048 389 0 0 80.1526 2.77505 59.9855 10.3746 0.371582 0.490234
9.49431 8.79604 1.77526 3.85388 19.863 36.4132 0.633503 0.120487 0.0848415 7.58629 14.7734 1.5927 0.89584 1.05356  2048 2048 1066 1451 0 136.144 3.80113 59.9879 12.3298 23.1646 67.0264
4.64156 16.1113 7.94824 17.2851 10.1032 40.5728 1.47484 0.596881 1.49675 3.33018 11.9321 0.975005 1.61773 0.724754  2048 2048 4136 704 0 279.842 24.4966 60.0016 124.719 1778.38 156.364
5.37217 16.8395 9.33531 13.2109 0.227363 45.8693 0.311411 0.0133671 0.825953 3.97534 13.6064 1.31944 0.253548 1.95642  2048 2043 1066 813 0 409.611 8.94699 59.9993 22.8068 31.9312 47.2261
7.61345 12.2813 3.06375 8.14173 14.2201 23.8426 1.67602 0.40846 0.921903 0.217292 14.8454 1.76141 1.07907 1.25022  2048 2048 946 674 0 113.676 4.13537 59.986 15.52 22.9341 4.82666
8.27937 8.05872 9.41465 11.8686 8.02942 20.6427 1.45195 0.566668 1.0029 10.7077 15.8452 0.351207 0.747154 1.61077  2048 2029 1197 1194 0 409.611 8.02376 59.9916 15.7001 56.6206 25.5181
