100 2
2.74117 14.5885 1.54424 4.79324 1.5949 0.497757 0.92465 9.93286 -0.495376 8.21619 2.38166 0.399792 4.53627 0.658589 0.113041 1.15244  2048 2048 376 0 0 78.9024 1.98215 59.9855 7.71283 0.0117188 0.0136719
2.74117 14.5885 1.54424 4.79324 1.5949 0.497757 0.92465 9.27091 -0.495376 8.21619 2.38166 0.399792 4.53627 0.889004 0.113041 1.15244  2048 2048 376 0 0 78.9357 1.95147 59.9855 7.73877 0.0136719 0.012207
2.74117 14.5885 1.54424 4.79324 1.24235 0.497757 0.92465 8.62941 -0.495376 8.21619 2.38166 0.399792 4.53627 1.70757 0.113041 0.392468  2048 2048 376 0 0 78.7523 1.93823 59.9855 7.78 0.0146484 0.0078125
2.74117 14.5885 1.54424 4.79324 1.5949 0.497757 0.92465 8.62941 -0.495376 8.21619 2.38166 0.399792 4.53627 1.78332 0.113041 0.359203  2048 2048 376 0 0 78.7523 1.84419 59.9855 7.78118 0.0146484 0.0078125
2.74117 14.5885 1.54424 4.79324 1.5949 0.497757 0.92465 9.27091 -0.495376 8.21619 2.38166 0.399792 4.53627 0.658589 0.113041 1.15244  2048 2048 376 0 0 78.9691 2.00626 59.9855 7.75067 0.0136719 0.0126953
2.74117 14.5885 1.54424 4.79324 1.24235 0.497757 0.771569 9.27091 -0.495376 8.21619 2.38166 0.399792 4.53627 1.78332 0.113041 0.392468  2048 2048 376 0 0 78.669 1.89869 59.9855 7.74317 0.0166016 0.00585938
2.74117 14.5885 1.54424 4.79324 1.5949 0.497757 0.92465 9.26786 -0.495376 8.21619 2.38166 0.399792 4.53627 0.658589 0.113041 1.15244  2048 2048 376 0 0 78.9691 1.91743 59.9855 7.75133 0.0136719 0.0131836
2.74117 14.5885 1.54424 4.79324 1.5949 0.497757 0.92465 9.27091 -0.495376 8.21619 2.38166 0.399792 4.944 0.658589 0.113041 0.927091  2048 2048 376 0 0 78.9024 1.89815 59.9855 7.74503 0.0136719 0.0141602
2.74117 14.5885 1.54424 4.79324 1.5949 0.497757 0.92465 9.26786 -0.495376 8.21619 2.38166 0.399792 4.53627 0.889004 0.113041 1.15244  2048 2048 376 0 0 78.9357 1.87839 59.9855 7.73946 0.0146484 0.012207
2.74117 14.5885 1.54424 4.79324 1.5949 0.497757 0.771569 8.62941 -0.495376 8.21619 2.38166 0.399792 4.53627 1.78332 0.113041 0.392468  2048 2048 377 0 0 78.6523 1.88231 59.9855 7.77796 0.015625 0.00830078
2.74117 14.5885 1.54424 4.79324 1.5949 0.497757 0.92465 8.62941 -0.495376 8.21619 2.38166 0.399792 4.53627 0.658589 0.113041 0.359203  2048 2048 376 0 0 79.0691 1.92286 59.9855 7.82317 0.0175781 0.0185547
2.74117 14.5885 1.54424 4.79324 1.5949 0.497757 0.92465 9.26786 -0.495376 8.21619 2.38166 0.399792 4.53627 0.889004 0.113041 0.927091  2048 2048 376 0 0 78.9691 1.97764 59.9855 7.74378 0.0146484 0.0117188
2.74117 14.5885 1.54424 4.79324 1.5949 0.497757 0.771569 8.62941 -0.495376 9.40611 2.38166 0.399792 4.53627 1.78332 0.113041 0.392468  2048 2048 377 0 0 79.7192 1.8928 59.9855 7.94497 0.0234375 0.00146484
2.74117 14.257 1.54424 4.79324 1.5949 0.497757 0.92465 9.26786 -0.495376 8.21619 0.0720237 0.399792 4.53627 0.889004 0.113041 1.15244  2048 2048 370 0 0 78.3356 1.85858 59.9855 7.80384 0.240234 2.69385
2.74117 14.5885 1.54424 4.79324 1.5949 0.497757 0.92465 9.27091 -0.495376 8.21619 2.38166 0.399792 4.944 0.658589 0.113041 0.359203  2048 2048 376 0 0 79.0024 1.90812 59.9855 7.76001 0.0126953 0.0170898
2.74117 14.5885 1.54424 4.79324 1.5949 0.497757 0.92465 9.27091 0.956603 8.21619 2.38166 4.944 18.5534 0.658589 0.113041 0.927091  2048 2048 2078 0 0 161.271 6.62594 59.992 36.5622 280.372 14.0938
2.74117 14.5885 1.54424 4.79324 1.5949 0.497757 0.92465 9.27091 -0.495376 8.21619 2.38166 0.399792 4.944 0.658589 0.113041 1.15244  2048 2048 376 0 0 78.869 1.88865 59.9855 7.74044 0.0185547 0.0131836
2.74117 14.5885 1.54424 4.79324 1.5949 0.497757 0.92465 8.62941 -0.495376 8.21619 2.38166 0.399792 4.53627 1.70757 0.113041 1.15244  2048 2048 372 0 0 78.2689 1.85426 59.9855 7.76347 0.0195313 0.00634766
2.74117 14.5885 1.54424 4.79324 1.5949 0.497757 0.92465 9.26786 -0.495376 8.21619 2.38166 0.399792 4.53627 1.78332 0.113041 0.359203  2048 2048 376 0 0 78.869 1.9126 59.9855 7.73035 0.0175781 0.00976563
2.74117 14.5885 1.54424 4.79324 1.5949 0.497757 0.92465 8.62941 -0.495376 8.21619 2.38166 0.399792 4.53627 0.658589 0.113041 1.15244  2048 2048 376 0 0 79.0691 1.93801 59.9855 7.8035 0.0166016 0.015625
2.74117 14.5885 1.54424 4.79324 1.5949 0.497757 0.771569 9.27091 -0.495376 8.21619 2.38166 0.399792 4.53627 1.78332 0.113041 0.392468  2048 2048 376 0 0 78.7523 1.908 59.9855 7.73131 0.0195313 0.00878906
2.74117 14.5885 1.54424 4.79324 1.24235 0.497757 0.771569 9.27091 -0.495376 8.21619 2.38166 0.399792 4.53627 1.78332 1.96026 0.392468  2048 2048 372 0 0 77.7855 1.91241 59.9855 7.75082 0.143066 0.00390625
2.74117 14.5885 1.54424 4.79324 1.5949 0.497757 0.92465 8.62941 -0.495376 8.21619 2.38166 0.399792 4.53627 0.889004 0.113041 0.392468  2048 2048 376 0 0 79.0691 1.93163 59.9855 7.80978 0.015625 0.0136719
9.2758 14.5885 1.54424 4.79324 1.5949 0.497757 0.92465 9.26786 -0.495376 8.21619 2.38166 0.399792 4.53627 0.889004 0.113041 1.15244  2048 2048 961 1424 0 116.927 2.26266 59.9861 7.94722 9.51904 3.38672
2.74117 14.5885 1.54424 4.79324 1.5949 0.497757 0.92465 8.62941 -0.495376 8.21619 2.38166 0.399792 4.53627 0.889004 0.113041 1.15244  2048 2048 376 0 0 78.9024 1.85369 59.9855 7.79167 0.0224609 0.012207
2.74117 14.5885 1.54424 4.79324 1.24235 0.497757 0.92465 9.26786 -0.495376 8.21619 2.38166 0.399792 4.53627 0.658589 0.113041 1.15244  2048 2048 376 0 0 79.0691 1.87314 59.9855 7.75142 0.015625 0.0107422
2.74117 14.5885 1.54424 4.79324 1.24235 0.497757 0.771569 9.27091 -0.495376 8.21619 2.38166 0.399792 4.53627 0.658589 0.113041 1.15244  2048 2048 376 0 0 78.869 1.85278 59.9855 7.7587 0.0175781 0.00830078
2.74117 14.5885 1.54424 4.79324 1.5949 0.497757 0.92465 9.27091 -0.495376 8.21619 2.38166 0.399792 4.53627 1.66277 0.113041 0.430616  2048 2048 376 0 0 78.869 1.80245 59.9855 7.7311 0.015625 0.00927734
2.74117 14.5885 1.54424 4.79324 1.5949 0.497757 0.92465 8.62941 -0.495376 8.21619 2.38166 0.399792 4.53627 1.70757 0.113041 0.392468  2048 2048 376 0 0 78.769 2.35469 59.9855 7.78169 0.015625 0.00830078
2.74117 14.5885 1.54424 4.79324 1.5949 0.497757 0.92465 8.62941 -0.495376 8.21619 2.38166 0.399792 4.53627 1.78332 0.113041 0.392468  2048 2048 376 0 0 78.7523 2.3499 59.9855 7.77968 0.0166016 0.00732422
2.74117 14.5885 1.54424 4.79324 1.5949 0.497757 0.771569 8.62941 -0.495376 8.21619 2.38166 0.399792 4.53627 1.78332 0.113041 0.927091  2048 2048 374 0 0 78.7023 1.97848 59.9855 7.76257 0.0185547 0.00732422
2.74117 14.5885 1.54424 4.79324 1.5949 0.497757 0.92465 9.27091 -0.495376 8.21619 2.38166 0.399792 4.53627 0.889004 0.113041 0.392468  2048 2048 376 0 0 79.0024 1.90268 59.9855 7.75907 0.0146484 0.0136719
2.74117 14.5885 1.54424 4.79324 1.5949 0.497757 0.92465 9.26786 -0.495376 8.21619 2.38166 0.399792 4.53627 0.889004 0.113041 0.359203  2048 2048 376 0 0 79.0024 1.93332 59.9855 7.76038 0.0166016 0.0131836
2.74117 14.5885 1.54424 4.79324 1.5949 0.497757 0.92465 9.27091 -0.495376 8.21619 2.38166 0.399792 4.944 1.60082 0.668172 0.392468  2048 2048 372 0 0 78.0355 1.89118 59.9855 7.71468 0.0390625 0.00537109
6.42048 14.5885 1.54424 4.79324 1.5949 0.497757 0.92465 9.27091 -0.495376 8.21619 2.38166 0.399792 4.53627 0.658589 0.113041 1.15244  2048 2048 912 1093 0 114.11 2.54406 59.986 10.3741 8.37891 3.77246
2.74117 14.5885 1.54424 4.79324 0.152287 0.497757 0.771569 9.27091 -0.495376 8.21619 2.38166 0.399792 4.53627 1.78332 0.113041 0.392468  2048 2048 376 0 0 79.1858 1.82443 59.9855 7.88073 0.0444336 0.00439453
2.74117 14.5885 1.54424 4.79324 1.5949 0.497757 0.92465 9.93286 -0.495376 8.21619 2.38166 0.399792 4.53627 0.658589 0.769005 1.15244  2048 2048 374 0 0 78.3856 1.84325 59.9855 7.69254 0.0283203 0.00683594
2.74117 14.5885 1.54424 4.79324 1.5949 0.497757 0.92465 9.26786 -0.495376 8.21619 2.38166 0.399792 4.944 0.658589 0.113041 0.927091  2048 2048 376 0 0 78.9024 1.82521 59.9855 7.74488 0.0136719 0.0141602
2.74117 14.5885 1.54424 4.79324 1.24235 0.497757 0.92465 8.62941 -0.495376 8.21619 2.38166 0.399792 4.53627 1.78332 0.113041 0.392468  2048 2048 376 0 0 78.7523 1.8196 59.9855 7.77719 0.015625 0.0078125
2.74117 14.5885 1.54424 4.79324 1.5949 0.497757 0.92465 9.27091 -0.495376 8.21619 2.38166 0.399792 4.944 0.889004 0.113041 1.15244  2048 2048 376 0 0 78.8024 1.862 59.9855 7.72694 0.0253906 0.0107422
5.95141 14.5885 1.54424 4.79324 1.5949 0.497757 0.92465 8.62941 -0.495376 8.21619 2.38166 0.399792 4.53627 1.78332 0.113041 0.359203  2048 2048 875 1157 0 113.41 2.7068 59.986 10.5592 12.5854 3.04688
2.74117 14.5885 1.54424 4.79324 1.5949 0.497757 0.0515152 9.26786 -0.495376 8.21619 2.38166 0.399792 4.53627 0.658589 0.113041 1.15244  2048 2048 377 0 0 79.4525 1.92621 59.9855 7.84067 0.0283203 0.00732422
2.74117 14.5885 1.54424 4.79324 1.24235 0.497757 0.92465 8.62941 -0.495376 8.21619 2.38166 0.399792 4.53627 1.70757 0.113041 1.15244  2048 2048 373 0 0 78.0022 1.83639 59.9855 7.75958 0.0214844 0.00732422
2.74117 14.5885 1.54424 4.79324 1.5949 0.497757 0.771569 8.62941 -0.495376 5.91571 2.38166 0.399792 4.53627 1.70757 0.113041 0.392468  2048 2048 369 0 0 78.0355 1.88063 59.9855 7.79253 0.0390625 0.262695
2.74117 14.5885 1.54424 4.79324 1.24235 0.497757 0.92465 8.62941 -0.495376 0.83346 2.38166 0.399792 4.53627 1.70757 0.113041 0.927091  2048 2048 369 0 0 77.9188 2.02139 59.9855 7.8788 0.393555 2.0791
2.74117 14.5885 1.54424 17.5933 1.5949 0.497757 0.92465 9.26786 -0.495376 8.21619 2.38166 0.399792 4.53627 0.658589 0.113041 1.15244  2048 2048 361 0 0 77.9022 2.19955 59.9855 9.28638 3.29395 3.19678
2.74117 14.5885 1.54424 4.79324 1.5949 0.482131 0.92465 9.93286 -0.495376 8.21619 8.28455 0.399792 4.53627 0.658589 0.113041 1.15244  2048 2018 383 0 0 409.611 6.70438 59.9861 14.5473 183.48 0.564941
5.11917 14.5885 1.54424 4.79324 1.5949 0.497757 0.771569 8.62941 -0.495376 8.21619 2.38166 0.399792 8.50978 1.78332 0.113041 0.392468  2048 2048 835 747 0 105.975 2.86067 59.9859 12.1329 13.2109 3.14697
2.74117 14.5885 1.54424 4.79324 1.5949 0.497757 0.92465 9.27091 -0.495376 8.21619 2.38166 0.399792 4.53627 1.78332 0.113041 0.359203  2048 2048 376 0 0 78.869 1.88375 59.9855 7.72952 0.0175781 0.00976563
2.74117 14.5885 1.54424 4.79324 1.5949 0.497757 0.92465 9.26786 -0.495376 8.21619 2.38166 0.399792 4.53627 1.78332 0.113041 1.15244  2048 2048 373 0 0 77.8855 1.88329 59.9855 7.71195 0.0205078 0.0078125
2.74117 14.5885 1.54424 4.79324 1.5949 0.497757 0.92465 9.27091 -0.495376 8.21619 2.38166 0.399792 4.53627 0.658589 0.113041 0.927091  2048 2048 376 0 0 79.0024 1.94399 59.9855 7.75629 0.0136719 0.0146484
2.74117 14.5885 1.54424 4.79324 1.24235 0.497757 0.771569 9.27091 -0.495376 8.21619 2.38166 0.399792 4.53627 1.70757 0.113041 0.392468  2048 2048 376 0 0 78.7023 1.9062 59.9855 7.74518 0.0175781 0.00585938
2.74117 14.5885 1.54424 4.79324 1.5949 0.497757 0.771569 9.93286 -0.495376 8.21619 2.38166 0.399792 4.53627 0.658589 0.113041 0.392468  2048 2048 376 0 0 79.0024 1.9295 59.9855 7.73478 0.0175781 0.015625
2.74117 14.5885 1.54424 4.79324 1.38487 0.497757 0.771569 9.27091 -0.495376 8.21619 2.38166 0.399792 4.53627 1.78332 0.113041 1.15244  2048 2048 372 0 0 78.0355 1.95338 59.9855 7.71986 0.0263672 0.00488281
2.74117 14.5885 1.54424 4.79324 1.5949 0.497757 0.92465 9.93286 -0.495376 8.21619 2.38166 0.399792 4.53627 0.658589 0.219916 1.15244  2048 2048 376 0 0 78.869 1.99498 59.9855 7.706 0.015625 0.012207
2.74117 14.5885 1.54424 4.79324 1.5949 0.497757 0.771569 8.62941 -0.495376 8.21619 2.38166 0.399792 4.53627 0.889004 0.113041 1.15244  2048 2048 377 0 0 78.7857 2.02016 59.9855 7.78707 0.0263672 0.0112305
2.74117 14.5885 1.54424 4.79324 1.5949 0.497757 0.92465 9.93286 -0.495376 8.21619 2.38166 0.399792 4.53627 0.658589 1.48051 1.15244  2048 2048 372 0 0 77.7521 2.00181 59.9855 7.69913 0.0952148 0.00488281
2.74117 14.5885 1.54424 4.79324 1.24235 0.497757 0.92465 8.62941 -0.495376 8.21619 2.38166 0.399792 4.944 1.70757 0.113041 0.392468  2048 2048 376 0 0 78.7023 2.03876 59.9855 7.76605 0.015625 0.00683594
2.74117 14.5885 1.54424 4.79324 1.5949 0.497757 0.0277718 9.27091 -0.495376 8.21619 2.38166 0.399792 4.53627 0.984161 0.113041 1.15244  2048 2048 376 0 0 79.4692 2.03619 59.9855 7.83401 0.0283203 0.00683594
2.74117 14.5885 1.54424 4.79324 1.5949 0.497757 0.92465 9.26786 -0.495376 8.21619 2.38166 0.399792 4.53627 1.70757 0.113041 1.15244  2048 2048 373 0 0 77.9022 2.005 59.9855 7.71407 0.0185547 0.00732422
2.74117 14.5885 1.54424 4.79324 1.5949 0.497757 0.92465 9.93286 -0.495376 8.21619 2.38166 0.399792 4.53627 1.78332 0.113041 1.15244  2048 2048 372 0 0 77.9188 1.98022 59.9855 7.67676 0.0322266 0.00683594
2.74117 14.5885 1.54424 4.79324 1.5949 0.497757 0.92465 9.27091 -0.495376 8.21619 2.38166 0.399792 4.53627 0.658589 0.113041 0.359203  2048 2048 376 0 0 79.0691 2.05412 59.9855 7.77086 0.0146484 0.019043
2.74117 14.5885 1.54424 4.79324 1.5949 0.497757 0.92465 8.62941 -0.495376 8.21619 2.38166 0.399792 4.944 0.658589 0.113041 0.359203  2048 2048 376 0 0 79.0024 2.07505 59.9855 7.81058 0.0224609 0.0161133
2.74117 14.5885 1.54424 4.79324 1.5949 0.497757 0.92465 9.93286 -0.495376 8.21619 2.38166 0.399792 4.53627 0.658589 0.113041 0.359203  2048 2048 376 0 0 78.9357 2.0016 59.9855 7.73317 0.0126953 0.019043
2.74117 14.5885 1.54424 4.79324 1.24235 0.497757 0.92465 8.62941 -0.495376 8.21619 2.38166 0.399792 18.7689 1.78332 0.113041 0.392468  2048 2048 359 0 0 77.9522 2.13881 59.9855 7.64868 0.148438 0.0791016
2.74117 14.5885 1.54424 4.79324 1.24235 0.497757 0.92465 9.93286 -0.495376 8.21619 2.38166 0.399792 4.53627 1.78332 0.113041 0.392468  2048 2048 376 0 0 78.569 2.16737 59.9855 7.70217 0.0253906 0.00634766
2.74117 14.5885 1.54424 4.79324 1.5949 0.497757 0.771569 8.62941 -0.495376 8.21619 2.38166 0.399792 4.53627 0.658589 0.113041 1.15244  2048 2048 377 0 0 78.869 2.00459 59.9855 7.79863 0.0195313 0.0117188
2.74117 14.5885 1.54424 4.79324 1.5949 0.497757 0.92465 8.62941 -0.495376 9.69878 2.38166 0.399792 4.53627 1.78332 1.70324 1.15244  2048 2048 373 0 0 77.9355 2.15787 59.9855 7.85294 0.223145 0.00146484
2.74117 14.5885 1.54424 4.79324 1.5949 0.497757 0.92465 9.27091 -0.495376 8.21619 2.38166 0.399792 4.53627 0.889004 0.113041 0.927091  2048 2048 376 0 0 78.9691 2.07974 59.9855 7.74355 0.0146484 0.012207
2.74117 11.3877 1.54424 4.79324 1.5949 0.497757 0.92465 8.62941 -0.495376 8.21619 2.38166 0.399792 4.53627 1.78332 0.113041 0.359203  2048 2048 369 0 0 78.1189 1.96554 59.9855 7.72856 0.0898438 0.00244141
2.74117 14.5885 1.54424 4.79324 1.5949 0.497757 0.92465 9.93286 -0.495376 8.21619 2.38166 0.399792 4.53627 0.889004 0.113041 1.15244  2048 2048 376 0 0 78.869 1.96158 59.9855 7.70103 0.0166016 0.0126953
2.74117 14.5885 1.54424 4.79324 1.5949 0.497757 0.92465 8.62941 -0.495376 8.21619 2.38166 0.399792 4.53627 1.78332 0.113041 1.15244  2048 2048 372 0 0 78.2689 1.93629 59.9855 7.76146 0.0214844 0.00537109
2.74117 14.5885 1.54424 4.79324 1.24235 0.497757 0.92465 9.27091 -0.495376 8.21619 2.38166 0.399792 4.53627 1.78332 0.113041 0.392468  2048 2048 376 0 0 78.7023 1.9233 59.9855 7.73204 0.0166016 0.00683594
2.74117 14.5885 1.54424 4.79324 1.5949 0.497757 0.92465 9.26786 -0.495376 8.21619 2.38166 0.399792 4.53627 0.889004 0.113041 0.534135  2048 2048 376 0 0 79.0024 1.92303 59.9855 7.75403 0.015625 0.0131836
2.74117 14.5885 1.54424 4.79324 1.24235 0.497757 0.92465 9.27091 -0.495376 8.21619 2.38166 0.399792 4.53627 0.889004 0.113041 0.392468  2048 2048 376 0 0 79.0691 1.9589 59.9855 7.76162 0.0166016 0.00976563
2.74117 14.5885 1.54424 4.79324 1.24235 0.497757 0.92465 8.62941 -0.495376 8.21619 2.38166 0.399792 4.944 0.658589 0.113041 0.927091  2048 2048 376 0 0 78.9024 1.8978 59.9855 7.78891 0.015625 0.00927734
2.74117 17.2198 1.54424 4.79324 1.5949 0.497757 0.92465 9.27091 -0.495376 8.21619 2.38166 0.399792 4.53627 0.658589 0.113041 1.15244  2048 2048 382 0 0 79.1858 1.95967 59.9855 7.80503 0.0185547 0.0449219
2.74117 14.5885 1.54424 4.79324 1.5949 0.497757 0.92465 8.62941 -0.495376 8.21619 2.38166 0.399792 4.53627 0.889004 0.113041 0.359203  2048 2048 376 0 0 79.0691 2.07575 59.9855 7.81071 0.015625 0.0146484
2.74117 14.5885 1.54424 4.79324 1.5949 0.497757 0.92465 9.93286 -0.495376 8.21619 2.38166 0.399792 4.944 0.658589 0.113041 1.15244  2048 2048 376 0 0 78.869 1.90783 59.9855 7.70234 0.0136719 0.0131836
2.74117 3.96741 1.54424 4.79324 1.5949 0.497757 0.92465 9.93286 -0.495376 6.35701 2.38166 0.399792 4.53627 1.78332 0.113041 0.392468  2048 2048 344 0 0 76.7019 1.9151 59.9855 7.62672 2.19189 0.000488281
2.74117 14.5885 1.54424 4.79324 1.5949 0.497757 0.92465 9.27091 -0.495376 8.21619 2.38166 0.399792 4.944 1.99225 0.113041 1.15244  2048 2048 372 0 0 77.8855 1.95053 59.9855 7.69928 0.0498047 0.00634766
2.74117 14.5885 1.54424 4.79324 1.24235 0.497757 0.771569 9.27091 -0.495376 1.23783 2.38166 0.399792 4.53627 1.78332 0.113041 0.392468  2048 2048 370 0 0 78.3856 1.93124 59.9855 7.80641 0.254395 2.28223
2.74117 14.5885 1.54424 4.79324 1.24235 0.497757 0.771569 9.27091 -0.495376 8.21619 2.38166 0.399792 4.53627 0.889004 0.113041 1.15244  2048 2048 376 0 0 78.8024 1.91222 59.9855 7.74824 0.0195313 0.0078125
2.74117 14.5885 4.79324 6.05182 1.24235 0.497757 0.92465 8.62941 -0.495376 8.21619 2.38166 0.399792 4.53627 1.78332 0.113041 0.392468  2048 2048 374 0 0 79.0024 1.95039 59.9855 7.8868 0.0390625 0.0117188
2.74117 14.5885 1.54424 4.79324 1.5949 0.497757 0.92465 9.26786 -0.495376 8.21619 2.38166 0.399792 4.53627 1.78332 0.113041 0.58681  2048 2048 376 0 0 78.719 1.94718 59.9855 7.72498 0.0175781 0.00830078
2.74117 14.5885 1.54424 4.79324 1.5949 0.497757 0.92465 9.93286 -0.495376 8.21619 2.38166 0.399792 4.53627 1.70757 0.113041 1.15244  2048 2048 373 0 0 77.8021 1.93081 59.9855 7.67702 0.0336914 0.00683594
2.74117 14.5885 1.54424 4.79324 1.24235 0.497757 0.92465 8.62941 -0.495376 8.21619 2.38166 0.399792 3.42906 1.70757 0.113041 0.392468  2048 2048 376 0 0 79.0691 1.94775 59.9855 7.81967 0.0166016 0.0112305
2.74117 14.5885 1.54424 4.79324 1.5949 0.497757 0.771569 9.26786 -0.495376 8.21619 2.38166 0.399792 4.53627 0.658589 0.113041 0.392468  2048 2048 376 0 0 79.1191 1.93755 59.9855 7.76944 0.0214844 0.015625
2.74117 14.5885 1.54424 4.79324 1.5949 0.497757 0.92465 9.27091 -0.495376 8.21619 2.38166 0.399792 4.53627 0.658589 0.113041 0.392468  2048 2048 376 0 0 79.0691 1.91461 59.9855 7.77015 0.0136719 0.0175781
5.42894 14.5885 1.54424 4.79324 1.24235 0.497757 0.92465 9.27091 -0.495376 8.21619 2.38166 0.399792 4.53627 0.658589 0.113041 0.392468  2048 2048 809 809 0 108.959 2.71557 59.986 11.7735 7.69336 3.76855
7.6751 14.5885 1.54424 4.79324 1.5949 0.497757 0.771569 8.62941 -0.495376 8.21619 2.38166 0.399792 4.53627 1.78332 0.113041 0.392468  2048 2048 952 1398 0 117.744 2.48267 59.9861 8.67586 11.1685 3.125
2.74117 14.5885 1.54424 4.79324 1.5949 0.497757 0.92465 0.254219 -0.495376 8.21619 2.38166 0.399792 4.944 0.658589 0.113041 0.927091  2048 2048 383 0 0 79.9026 2.12837 59.9855 10.3312 0.0957031 0.188477
2.74117 14.5885 1.54424 4.79324 1.3748 0.497757 0.92465 9.26786 -0.495376 8.21619 2.38166 0.399792 4.53627 0.889004 0.113041 1.15244  2048 2048 376 0 0 78.9691 1.96338 59.9855 7.73683 0.0175781 0.0102539
2.74117 14.5885 1.54424 4.79324 1.5949 0.497757 0.92465 9.26786 -0.495376 8.21619 2.38166 0.399792 4.53627 1.78332 0.113041 0.392468  2048 2048 376 0 0 78.869 1.90356 59.9855 7.72871 0.0195313 0.00976563
2.74117 14.5885 1.54424 4.79324 1.5949 0.497757 0.92465 9.26786 -0.495376 8.21619 2.38166 0.399792 4.53627 0.889004 0.113041 0.392468  2048 2048 376 0 0 79.0024 1.88414 59.9855 7.75936 0.0146484 0.0131836
2.74117 14.5885 1.54424 4.79324 1.5949 0.497757 0.92465 2.79031 -0.495376 8.21619 2.38166 0.399792 4.53627 0.889004 0.113041 1.15244  2048 2048 379 0 0 79.4525 2.06031 59.9855 9.93753 0.111328 0.108887
2.74117 14.5885 1.54424 4.79324 1.5949 0.497757 0.92465 9.93286 -0.495376 3.74279 2.38166 0.399792 4.53627 0.658589 0.113041 1.15244  2048 2048 369 0 0 77.9188 1.92621 59.9855 7.72871 0.12793 2.30762
2.74117 14.5885 1.54424 4.79324 1.5949 0.497757 0.92465 9.27091 -0.495376 8.21619 2.38166 0.399792 4.53627 1.70757 0.113041 0.392468  2048 2048 376 0 0 78.869 1.86738 59.9855 7.73072 0.015625 0.00927734
2.74117 14.5885 1.54424 4.79324 1.5949 0.497757 0.92465 9.26786 -0.495376 8.21619 2.38166 0.399792 4.944 0.658589 0.113041 1.15244  2048 2048 376 0 0 78.869 1.85967 59.9855 7.74032 0.0224609 0.0131836
2.74117 14.1148 1.54424 4.79324 1.24235 0.497757 0.92465 9.93286 -0.495376 8.21619 2.38166 0.399792 4.53627 0.658589 0.113041 1.15244  2048 2048 374 0 0 78.6523 1.8355 59.9855 7.70509 0.0205078 0.00732422
