100 2
3.03995 10.7987 3.04117 6.41041 0.763451 0.254341 1.67949 1.09256 0.0406201 8.75973 3.39732 0.924711 3.96313 1.89917 0.500381 1.26182  2048 2048 388 0 0 81.5529 1.22055 59.9856 10.4898 0.097168 0.0078125
3.03995 10.7987 3.04117 6.41041 0.763451 0.254341 1.67949 1.09256 0.0406201 8.75973 3.39732 0.924711 3.96313 1.89917 0.514237 1.26182  2048 2048 387 0 0 80.8361 1.18197 59.9856 10.4882 0.0976563 0.00878906
3.03995 10.7987 3.04117 6.43635 0.763451 0.254341 1.67949 1.09256 0.531846 8.75973 3.39732 0.924711 3.96313 1.89917 0.3661 1.26182  2048 2048 388 0 0 81.3529 1.18506 59.9856 10.4951 0.0976563 0.0107422
3.03995 10.7987 3.04117 6.43635 0.763451 0.254341 1.67949 1.09256 0.531846 8.75973 3.39732 0.924711 3.96313 1.89917 0.462355 1.26182  2048 2048 388 0 0 81.6196 1.1906 59.9856 10.4896 0.100586 0.00927734
3.03995 10.7987 3.04117 6.43635 0.763451 0.254341 1.67949 1.09256 0.531846 8.68587 3.39732 0.924711 3.96313 1.89917 0.189703 1.26182  2048 2048 388 0 0 81.2695 1.20376 59.9856 10.4898 0.101074 0.0146484
3.03995 10.7987 3.04117 6.43635 0.763451 0.254341 1.67949 1.09256 0.0406201 8.75973 3.39732 0.421155 3.96313 1.89917 0.500381 1.26182  2048 2048 388 0 0 81.3029 1.1957 59.9856 10.5025 0.102051 0.0126953
3.03995 10.7987 3.04117 6.43635 0.763451 0.254341 1.67949 1.09256 0.0406201 8.75973 3.39732 0.924711 3.96313 1.68932 0.500381 1.26182  2048 2048 388 0 0 81.2862 1.18873 59.9856 10.5032 0.102539 0.0126953
3.03995 10.7987 3.04117 6.43635 0.763451 0.254341 1.67949 1.09256 0.531846 8.75973 3.39732 0.421155 3.96313 1.89917 0.500381 1.26182  2048 2048 388 0 0 81.4196 1.18449 59.9856 10.5036 0.102539 0.0126953
3.03995 10.7987 3.04117 6.41041 0.763451 0.254341 1.67949 1.09256 0.0406201 8.75973 3.39732 0.924711 3.96313 1.89917 0.500381 1.06308  2048 2048 388 0 0 81.4196 1.20879 59.9856 10.509 0.103516 0.0112305
3.03995 10.7987 3.04117 6.43635 0.763451 0.254341 1.67949 1.09256 0.0406201 8.75973 3.39732 0.924711 3.96313 1.89917 0.189703 1.26182  2048 2048 388 0 0 81.4529 1.196 59.9856 10.5088 0.103027 0.0126953
3.03995 10.7987 3.04117 6.43635 0.763451 0.254341 1.67949 1.09256 0.0406201 8.75973 3.39732 3.96313 11.9932 1.89917 0.189703 1.26182  2048 2048 382 0 0 79.6692 1.17025 59.9855 10.2957 0.970703 0.12793
3.95489 10.7987 3.04117 6.41041 0.763451 0.254341 0.712607 1.09256 0.0406201 8.75973 3.39732 0.924711 3.96313 1.68932 0.500381 1.26182  2048 2046 399 0 0 409.611 2.94227 59.9858 14.3872 15.0859 2.23779
3.03995 10.7987 3.04117 6.41041 0.763451 0.254341 1.67949 1.09256 0.531846 8.75973 3.39732 0.421155 3.96313 1.89917 0.514237 1.26182  2048 2048 388 0 0 81.3696 1.1861 59.9856 10.5061 0.110352 0.0117188
3.03995 10.7987 3.04117 6.43635 0.763451 0.254341 1.67949 1.09256 0.531846 8.75973 3.39732 0.924711 3.96313 1.89917 0.500381 1.06308  2048 2048 388 0 0 81.4196 1.19224 59.9856 10.5065 0.10498 0.012207
3.03995 10.7987 3.04117 6.43635 0.763451 0.254341 1.67949 1.09256 0.531846 8.75973 3.39732 0.924711 3.96313 1.89917 0.189703 1.26182  2048 2048 388 0 0 81.4196 1.18021 59.9856 10.5102 0.109375 0.0126953
3.03995 10.7987 3.04117 6.43635 0.763451 0.254341 1.67949 1.05258 0.531846 8.75973 3.39732 0.924711 3.96313 1.89917 0.500381 1.26182  2048 2048 388 0 0 81.5029 1.18703 59.9856 10.487 0.115723 0.00878906
3.03995 10.7987 3.04117 12.7705 1.03775 0.254341 0.146977 1.09256 0.531846 8.75973 13.7394 0.924711 3.96313 1.89917 0.3661 1.26182  2048 1924 392 0 0 409.611 4.42988 59.9856 12.7369 79.7544 0
3.03995 10.7987 3.04117 6.43635 0.763451 0.254341 1.67949 1.09256 0.0406201 8.75973 3.39732 0.924711 3.96313 1.89917 0.500381 1.26182  2048 2048 388 0 0 81.4696 1.18295 59.9856 10.4862 0.109375 0.00878906
3.03995 10.7987 3.04117 6.43635 0.763451 0.254341 0.105533 1.09256 0.531846 8.75973 3.39732 0.924711 3.96313 1.89917 0.3661 1.26182  2048 2044 382 0 0 409.611 2.315 59.9857 10.7778 0.255859 0.00195313
3.03995 2.20771 3.04117 6.43635 0.763451 0.254341 1.67949 1.09256 0.0406201 8.75973 3.39732 0.924711 3.96313 1.89917 0.500381 1.26182  2048 2048 369 0 0 79.4525 1.1706 59.9855 10.3469 16.6519 0
3.03995 8.17408 3.04117 6.43635 0.763451 0.254341 1.67949 1.09256 0.531846 8.68587 3.39732 0.924711 3.96313 1.89917 0.500381 1.26182  2048 2048 385 0 0 80.5694 1.19404 59.9856 10.3879 0.793945 0.000976563
3.03995 10.7987 3.04117 6.43635 1.98309 1.03323 1.67949 1.09256 0.0406201 8.75973 3.39732 3.96313 18.4991 1.68932 0.500381 0.197028  2048 2048 382 0 0 79.8692 1.2267 59.9855 10.8485 1.35547 2.3335
3.03995 10.7987 3.04117 6.43635 0.763451 0.254341 1.67949 1.09256 0.0406201 8.75973 3.39732 0.421155 3.96313 1.89917 0.189703 1.26182  2048 2048 389 0 0 81.7196 1.20341 59.9856 10.5335 0.106445 0.0175781
3.03995 10.7987 3.04117 6.43635 0.763451 0.254341 1.67949 1.09256 0.0406201 8.75973 19.3622 0.924711 3.96313 1.89917 0.189703 0.669637  2048 1695 397 0 0 409.611 8.29665 60.0004 16.7549 371.673 0.946777
3.03995 10.7987 3.04117 6.41041 0.763451 0.254341 1.67949 1.09256 0.0406201 8.75973 3.39732 0.924711 3.96313 1.89917 0.189703 1.26182  2048 2048 388 0 0 81.5029 1.19622 59.9856 10.5117 0.101563 0.012207
3.03995 10.7987 3.04117 6.43635 0.763451 0.254341 1.67949 1.09256 0.0406201 8.75973 3.39732 0.924711 3.96313 1.89917 0.462355 1.26182  2048 2048 388 0 0 81.5529 1.19848 59.9856 10.4882 0.116211 0.00976563
3.03995 10.7987 3.04117 6.43635 0.763451 0.254341 1.67949 9.79339 0.531846 8.75973 3.39732 0.924711 3.96313 1.89917 0.500381 1.26182  2048 2046 1103 0 0 409.611 4.43624 59.9873 32.8969 287.551 4.97412
3.03995 10.7987 3.04117 6.41041 0.763451 0.254341 1.67949 1.09256 0.531846 8.75973 3.39732 0.924711 3.96313 1.89917 0.500381 1.26182  2048 2048 388 0 0 81.6863 1.18018 59.9856 10.4905 0.121582 0.00927734
3.03995 10.7987 3.04117 6.41041 0.763451 0.254341 1.67949 1.09256 0.0406201 9.04782 3.39732 0.924711 3.96313 1.89917 0.514237 1.26182  2048 2046 388 0 0 409.611 3.03463 59.9856 10.5544 0.115234 0.00537109
2.06153 10.7987 3.04117 6.41041 0.763451 0.254341 1.67949 1.09256 0.0406201 8.75973 3.39732 0.421155 3.96313 1.89917 0.500381 1.26182  2048 2048 371 0 0 79.4525 1.18944 59.9855 10.3551 10.314 0
3.03995 10.7987 3.04117 6.43635 0.763451 0.254341 1.67949 1.09256 0.0406201 8.75973 3.39732 0.924711 3.96313 1.89917 0.189703 1.04477  2048 2048 389 0 0 81.6863 1.19093 59.9856 10.5311 0.119141 0.0161133
3.03995 10.7987 3.04117 6.43635 0.763451 0.254341 1.67949 1.09256 0.0406201 8.75973 3.39732 0.924711 3.96313 1.89917 0.514237 1.26182  2048 2048 387 0 0 80.8361 1.18622 59.9856 10.4854 0.116699 0.00878906
3.03995 10.7987 3.04117 6.43635 0.763451 0.14124 1.67949 1.09256 0.531846 8.75973 3.39732 0.924711 3.96313 1.89917 0.462355 1.26182  2048 2048 387 0 0 81.1362 1.19919 59.9856 10.5342 0.153809 0.00585938
3.03995 10.7987 3.04117 6.43635 0.366344 0.254341 1.67949 1.09256 0.531846 8.75973 3.39732 0.924711 3.96313 1.89917 1.11435 1.26182  2048 2046 383 0 0 409.611 3.52856 59.9856 10.5866 0.251465 0.00244141
3.03995 10.7987 3.04117 6.43635 0.763451 0.254341 1.67949 1.09256 0.531846 8.75973 3.39732 0.421155 3.96313 1.89917 0.3661 1.26182  2048 2047 389 0 0 409.611 2.79302 59.9856 10.5095 0.130859 0.0146484
3.03995 10.7987 3.04117 6.43635 0.763451 0.254341 1.67949 1.09256 0.531846 8.75973 3.39732 0.924711 3.96313 1.89917 0.500381 1.26182  2048 2048 388 0 0 81.4696 1.18567 59.9856 10.4877 0.121094 0.00927734
3.03995 10.7987 3.04117 6.41041 0.763451 0.254341 1.67949 1.09256 0.531846 8.68587 3.39732 0.924711 3.96313 1.89917 0.189703 1.26182  2048 2048 388 0 0 81.2862 1.20606 59.9856 10.4937 0.102539 0.0141602
3.03995 10.7987 3.04117 6.41041 0.763451 0.254341 1.67949 1.09256 0.0406201 8.75973 3.39732 0.924711 3.96313 1.68932 0.500381 1.26182  2048 2048 388 0 0 81.2862 1.18498 59.9856 10.5067 0.102539 0.0117188
3.03995 10.7987 3.04117 6.41041 0.763451 0.254341 1.67949 1.09256 0.531846 8.75973 3.39732 0.924711 3.96313 1.89917 0.514237 1.26182  2048 2048 387 0 0 80.8361 1.18942 59.9856 10.4899 0.115723 0.00830078
3.03995 10.7987 3.04117 6.41041 0.763451 0.254341 1.67949 1.09256 0.0406201 8.75973 3.39732 0.924711 3.96313 1.89917 0.3661 1.26182  2048 2048 388 0 0 81.3529 1.1707 59.9856 10.497 0.103516 0.00976563
3.03995 10.7987 3.04117 6.43635 0.763451 0.254341 1.67949 1.09256 0.0406201 8.75973 3.39732 0.924711 19.32 1.68932 0.500381 1.26182  2048 2048 367 0 0 78.619 1.16699 59.9855 10.1157 0.800781 0.209961
3.03995 10.7987 3.04117 6.43635 0.763451 0.254341 1.67949 6.3274 0.0406201 8.75973 3.39732 0.924711 3.96313 1.89917 0.500381 1.06308  2048 2048 390 0 0 82.5698 1.22738 59.9856 10.8165 0.17334 0.0209961
3.03995 10.7987 3.04117 6.43635 0.763451 0.254341 1.67949 1.09256 0.0406201 8.75973 3.39732 3.95276 12.9057 1.26939 0.500381 1.26182  2048 2048 379 0 0 79.4192 1.16533 59.9855 10.2976 0.71582 0.225586
3.03995 10.7987 3.04117 6.43635 0.763451 0.254341 1.67949 7.6812 0.531846 8.75973 3.39732 0.421155 3.96313 1.89917 0.500381 1.26182  2048 2046 897 0 0 409.611 4.6319 59.9861 29.9651 236.597 4.31543
3.03995 10.7987 3.04117 38.0749 0.763451 0.254341 1.67949 1.09256 0.0406201 8.75973 3.39732 0.924711 3.96313 1.89917 0.3661 1.26182  2048 2048 397 0 0 80.7528 1.35017 59.9856 12.2955 8.88574 3.84473
5.23118 10.7987 3.04117 6.43635 0.763451 0.254341 1.67949 1.09256 0.0406201 8.75973 3.39732 0.924711 3.96313 1.89917 0.500381 1.26182  2048 2047 806 681 0 409.611 2.57122 59.986 14.806 15.6162 3.33398
3.03995 10.7987 3.04117 6.43635 0.763451 0.254341 1.67949 1.09256 0.531846 8.75973 3.39732 0.421155 3.96313 1.89917 0.189703 1.26182  2048 2048 389 0 0 81.8363 1.20023 59.9856 10.5351 0.121094 0.019043
3.03995 10.7987 3.04117 6.41041 0.763451 0.254341 1.67949 1.09256 0.0406201 8.75973 3.39732 0.924711 3.96313 1.89917 0.363292 1.26182  2048 2048 388 0 0 81.3029 1.2058 59.9856 10.4978 0.104492 0.00976563
3.03995 10.7987 3.04117 6.41041 0.763451 0.254341 1.67949 1.09256 0.0406201 8.75973 3.39732 0.924711 3.96313 1.89917 0.189703 0.369274  2048 2048 390 0 0 81.7697 1.23387 59.9856 10.6215 0.213867 0.0268555
3.03995 10.7987 3.04117 6.41041 1.8507 0.254341 1.67949 1.09256 0.0406201 8.75973 3.39732 0.924711 3.96313 1.89917 0.189703 1.26182  2048 2048 391 0 0 80.2527 1.2041 59.9855 10.3947 0.239258 0.140625
3.03995 10.7987 3.04117 6.43635 0.763451 0.0287484 1.67949 1.09256 0.531846 8.75973 3.39732 0.924711 3.96313 1.89917 0.462355 1.26182  2048 2046 387 0 0 409.611 2.35402 59.9856 10.5852 0.140625 0.00341797
3.03995 10.7987 3.04117 6.43635 0.763451 0.254341 1.67949 1.09256 0.531846 8.68587 3.39732 0.924711 3.96313 1.89917 0.500381 1.26182  2048 2048 387 0 0 80.7528 1.19776 59.9856 10.4698 0.11084 0.0107422
1.89093 10.7987 4.64492 6.43635 0.763451 0.254341 1.67949 1.09256 0.0406201 8.75973 3.39732 0.924711 3.96313 1.89917 0.3661 1.26182  2048 2048 366 0 0 80.0026 1.19888 59.9855 10.5953 23.0947 0
3.03995 10.7987 3.04117 6.41041 0.763451 0.254341 1.67949 1.09256 0.531846 8.68587 3.39732 0.924711 3.96313 1.89917 0.500381 1.26182  2048 2048 387 0 0 80.7528 1.19455 59.9856 10.4737 0.123047 0.00976563
3.03995 10.7987 3.04117 6.41041 0.763451 0.254341 1.67949 1.09256 0.0406201 8.75973 3.39732 3.96313 14.3236 1.89917 0.500381 1.06308  2048 2048 377 0 0 79.3858 1.16491 59.9855 10.2826 0.769531 0.304688
3.03995 10.7987 3.04117 6.43635 0.763451 0.254341 1.67949 1.09256 0.0561235 8.26167 3.39732 0.421155 3.96313 0.436354 0.500381 1.26182  2048 2048 390 0 0 80.8861 1.20958 59.9856 10.512 0.105469 0.100098
3.03995 10.7987 3.04117 28.637 0.763451 0.254341 1.67949 1.09256 0.531846 8.75973 3.39732 0.924711 3.96313 1.89917 0.500381 1.26182  2048 2048 394 0 0 80.5861 1.32956 59.9856 12.0841 8.15039 3.92188
3.03995 10.7987 3.04117 6.43635 0.763451 0.254341 0.191351 1.09256 0.0406201 8.75973 3.39732 0.421155 3.96313 1.89917 0.500381 1.26182  2048 2044 382 0 0 409.611 2.85889 59.9857 10.7514 0.274902 0.00195313
3.03995 10.7987 3.04117 6.43635 0.763451 0.254341 1.67949 1.09256 0.0406201 8.68587 3.39732 0.924711 3.96313 1.89917 0.189703 1.26182  2048 2048 388 0 0 81.2529 1.17937 59.9856 10.4887 0.100098 0.0136719
3.03995 10.7987 3.04117 6.43635 0.763451 0.254341 1.67949 1.09256 0.531846 8.75973 3.39732 0.924711 3.96313 1.89917 0.514237 1.26182  2048 2048 387 0 0 80.8361 1.18274 59.9856 10.4867 0.11377 0.00878906
3.03995 10.7987 3.04117 6.43635 0.458754 0.254341 1.67949 1.09256 0.0406201 8.75973 3.39732 0.924711 3.96313 1.89917 1.51408 1.26182  2048 2047 385 0 0 409.611 2.87328 59.9856 10.5383 0.364258 0.00146484
3.03995 10.7987 3.04117 6.43635 0.763451 0.254341 1.67949 1.09256 0.0406201 8.75973 3.39732 0.421155 3.96313 1.89917 0.3661 1.26182  2048 2047 389 0 0 409.611 3.54007 59.9856 10.5082 0.136719 0.0136719
3.03995 10.7987 3.04117 6.43635 0.219977 0.254341 1.67949 1.09256 0.531846 8.75973 3.39732 0.421155 3.96313 1.89917 0.500381 1.26182  2048 2046 383 0 0 409.611 2.51388 59.9856 10.7291 0.165039 0.00292969
3.03995 10.7987 3.04117 6.41041 0.763451 0.254341 1.67949 1.09256 0.0406201 8.75973 3.39732 3.96313 6.33564 1.89917 0.500381 1.26182  2048 2048 389 0 0 80.2027 1.20571 59.9855 10.5354 0.649902 0.0864258
3.03995 10.7987 3.04117 6.41041 0.763451 0.254341 1.67949 1.09256 0.0406201 8.75973 3.39732 0.924711 12.3612 1.89917 0.500381 1.26182  2048 2048 374 0 0 78.9524 1.18266 59.9855 10.1642 1.26367 0.0385742
3.03995 10.7987 3.04117 6.41041 0.763451 0.254341 1.67949 1.09256 0.0406201 8.75973 3.39732 0.700095 3.96313 1.89917 0.500381 1.06308  2048 2048 388 0 0 81.3196 1.19082 59.9856 10.5176 0.108887 0.0126953
3.03995 10.7987 3.04117 6.43635 1.11545 0.254341 1.67949 1.09256 0.531846 8.68587 3.39732 0.924711 3.96313 1.89917 0.189703 1.26182  2048 2048 390 0 0 80.6194 1.19119 59.9856 10.4337 0.188477 0.0415039
3.03995 10.7987 6.43635 26.5328 0.763451 0.254341 1.67949 1.09256 0.951842 8.75973 3.39732 0.924711 3.96313 1.89917 0.462355 1.26182  2048 2048 397 0 0 81.1362 1.37139 59.9856 12.5195 9.85303 4.08301
0.940275 10.7987 3.04117 6.41041 0.763451 0.254341 0.29194 1.09256 0.0406201 8.75973 3.39732 0.924711 3.96313 1.89917 0.500381 1.26182  2048 2046 358 0 0 409.611 3.1564 59.9855 10.767 170.299 0
3.03995 3.46141 3.04117 6.43635 0.763451 0.254341 1.67949 1.09256 0.0406201 8.75973 14.5201 0.924711 3.96313 1.89917 0.500381 1.26182  2048 1902 388 0 0 409.611 5.46461 59.9856 15.5645 381.571 0.838867
3.03995 10.7987 3.04117 6.43635 0.763451 0.254341 1.67949 1.09256 0.531846 8.68587 3.39732 0.924711 3.96313 1.89917 0.462355 1.26182  2048 2048 388 0 0 81.2529 1.19117 59.9856 10.4722 0.118652 0.0107422
3.03995 10.7987 3.04117 6.41041 0.763451 0.254341 1.67949 5.85376 0.0406201 8.75973 3.39732 0.924711 3.96313 1.89917 0.500381 1.26182  2048 2047 388 0 0 409.611 2.2943 59.9856 10.76 0.178223 0.0161133
0.796228 10.7987 3.04117 6.43635 0.763451 0.254341 1.67949 1.09256 0.255043 8.75973 3.39732 0.924711 3.96313 1.68932 0.500381 1.26182  2048 2048 368 0 0 79.7526 1.21188 59.9855 10.8847 188.276 0
3.03995 10.7987 3.04117 6.41041 0.763451 0.254341 1.54173 1.09256 0.0406201 8.75973 3.39732 0.924711 3.96313 1.89917 0.500381 1.06308  2048 2047 388 0 0 409.611 2.64083 59.9856 10.5152 0.152832 0.00830078
3.03995 10.7987 3.04117 6.43635 0.763451 0.254341 1.67949 1.09256 0.0406201 8.75973 3.39732 0.924711 3.96313 1.68932 0.878262 1.26182  2048 2048 386 0 0 81.0195 1.18219 59.9856 10.4861 0.133789 0.00878906
3.03995 10.7987 3.04117 6.43635 0.763451 0.254341 1.67949 1.09256 0.0406201 8.75973 3.39732 3.96313 5.22965 1.78491 0.500381 1.26182  2048 2048 389 0 0 80.9862 1.18279 59.9856 10.7468 0.384277 0.187012
3.03995 10.7987 3.04117 6.43635 0.763451 0.254341 1.67949 1.09256 0.531846 8.75973 3.39732 0.924711 3.96313 1.68932 0.462355 1.26182  2048 2048 388 0 0 81.3029 1.2007 59.9856 10.5078 0.108398 0.0126953
3.03995 10.7987 3.04117 5.96484 0.763451 0.254341 1.67949 1.09256 0.531846 8.75973 3.39732 0.924711 3.96313 1.17612 0.3661 1.26182  2048 2046 390 0 0 409.611 2.74804 59.9856 10.6491 0.0922852 0.0102539
3.03995 10.7987 3.04117 6.43635 0.763451 0.254341 1.67949 1.09256 0.0406201 4.59853 3.39732 0.924711 3.96313 1.68932 1.0499 1.26182  2048 2048 377 0 0 78.9524 1.15507 59.9855 10.2303 0.611328 1.78125
3.03995 10.7987 6.43635 19.6463 0.763451 0.254341 1.67949 1.09256 0.531846 8.75973 3.39732 0.421155 3.96313 1.89917 0.500381 1.26182  2048 2048 393 0 0 80.3027 1.24576 59.9855 11.0104 5.80225 3.50928
3.03995 10.7987 3.04117 6.41041 0.763451 0.254341 1.67949 1.09256 0.0406201 8.75973 3.39732 0.924711 3.96313 1.89917 0.462355 1.06308  2048 2048 388 0 0 81.3196 1.1974 59.9856 10.511 0.106445 0.0117188
3.03995 10.7987 3.04117 6.43635 0.763451 0.254341 1.67949 1.09256 0.0406201 8.75973 3.39732 0.924711 3.96313 1.89917 0.500381 1.06308  2048 2048 388 0 0 81.2862 1.17536 59.9856 10.5051 0.108398 0.012207
3.03995 10.7987 3.04117 6.43635 0.763451 0.254341 1.67949 1.09256 0.0406201 4.23017 3.39732 0.924711 3.96313 1.89917 0.3661 1.26182  2048 2048 378 0 0 79.0024 1.15588 59.9855 10.2266 0.810547 2.10889
3.03995 10.7987 6.43635 11.9724 0.763451 0.254341 1.67949 1.09256 0.0406201 8.75973 3.39732 0.924711 3.96313 1.89917 0.500381 1.26182  2048 2048 385 0 0 79.4525 1.17643 59.9855 10.3091 0.964844 1.34912
3.03995 10.7987 3.04117 6.43635 0.763451 0.254341 1.67949 1.09256 0.0406201 8.75973 3.39732 0.924711 3.96313 1.89917 0.3661 1.26182  2048 2048 388 0 0 81.2695 1.19606 59.9856 10.494 0.107422 0.0107422
3.03995 10.7987 1.90283 3.04117 0.763451 0.254341 1.67949 1.09256 0.531846 8.75973 3.39732 0.924711 3.96313 1.89917 0.462355 1.26182  2048 2044 382 0 0 409.611 2.33407 59.9856 11.7629 3.31689 0.254883
3.03995 10.7987 3.04117 6.43635 0.763451 0.254341 1.67949 1.09256 0.531846 8.75973 3.39732 0.924711 3.96313 1.68932 0.500381 1.26182  2048 2048 388 0 0 81.3029 1.18215 59.9856 10.5049 0.0976563 0.0126953
3.03995 10.7987 3.04117 6.43635 0.80636 0.254341 1.67949 1.09256 0.0406201 8.75973 3.39732 0.924711 3.96313 1.68932 0.500381 1.26182  2048 2048 388 0 0 81.2529 1.1906 59.9856 10.4943 0.110352 0.0146484
3.03995 10.7987 3.04117 6.43635 0.763451 0.254341 1.67949 1.09256 0.0406201 8.75973 14.2943 0.421155 3.96313 1.89917 0.500381 1.26182  2048 1791 395 0 0 409.611 6.93704 60.0056 24.8578 615.21 0.694824
3.03995 10.7987 3.04117 6.43635 0.763451 0.254341 1.67949 1.09256 0.531846 8.75973 3.39732 0.924711 3.96313 1.68932 0.3661 1.26182  2048 2048 388 0 0 81.3196 1.18275 59.9856 10.5157 0.120117 0.0136719
7.19749 1.51799 3.21512 37.5164 1.82592 0.177068 1.23508 7.02506 0.413556 9.36674 4.71877 13.151 14.4053 1.1301 1.02805 1.32792  2048 2048 1052 0 0 142.443 4.14599 59.989 45.9151 501.167 39.144
6.89749 5.73565 33.4544 45.5824 1.57335 1.08103 0.162297 7.35649 0.393567 7.03787 19.5495 10.6461 17.4993 0.989288 0.705344 0.797021  2048 2045 3353 1528 0 409.611 5.56424 60.0053 49.5126 14.2695 74.2085
3.36192 19.8462 1.61138 7.05741 1.73577 1.61614 0.568438 4.92477 0.876858 4.38063 17.727 13.0522 16.4202 0.657552 0.108585 0.628132  2048 2048 1939 3 0 153.557 2.79228 59.9909 27.2498 28.1489 14.0186
6.29688 13.7364 6.88803 25.753 1.80224 1.12754 0.98001 3.39183 0.295938 2.48146 8.35658 3.55907 16.9799 0.99002 1.23533 1.14151  2048 2048 3274 866 0 237.27 4.54686 59.9993 44.9233 246.525 148.457
6.2093 12.4906 0.219733 31.6767 0.234382 0.0425428 0.677633 5.11216 0.475967 0.650349 11.2064 1.33671 12.9966 0.0486465 0.461745 1.52086  2048 2048 2071 1109 0 154.04 1.94814 59.991 15.1451 2.65039 71.8501
0.656453 18.8885 2.97555 49.8276 1.71679 0.12067 0.94583 2.38075 0.259621 7.669 9.20988 8.79788 14.0294 1.35264 1.79308 0.0630512  2048 2048 420 0 0 110.292 2.96242 59.986 32.2352 881.135 29.979
0.497147 15.9032 22.2007 22.4662 0.406323 0.703146 0.322947 8.68404 0.132115 3.04209 0.963164 1.71819 10.2573 0.128056 0.113285 0.428419  2048 2048 355 0 0 80.7028 1.3592 59.9856 13.0229 46.1216 3.22119
6.14093 9.20499 14.6748 32.5388 1.18284 0.963408 1.85137 9.95025 0.846339 8.24702 13.2279 4.59975 12.1195 1.55809 0.435499 1.89038  2048 2048 2456 5 0 170.736 4.24115 59.9933 44.8895 239.504 57.3223
3.79742 9.65911 34.0342 44.0748 0.898587 0.156804 0.327097 5.79882 0.0476394 7.98395 13.4281 7.68883 8.2931 1.03293 1.15165 1.58568  2048 2043 422 2 0 409.611 3.16166 59.9859 16.7954 17.5215 0.364746
1.72735 15.8245 30.401 40.0372 1.62859 1.87097 1.55052 0.790124 0.899136 1.42491 2.15278 3.51817 4.1554 0.399792 1.28251 0.764489  2048 2048 397 0 0 94.4724 2.40097 59.9858 26.6704 389.788 28.4185
