200 2
2.74117 14.5885 1.54424 4.79324 0.454176 0.497757 1.28666 7.54936 -0.495376 8.61843 2.38166 0.399792 3.96313 0.889004 0.113041 1.06308  2048 2048 379 0 0 79.2858 6.23811 59.9855 9.25286 0.015625 0.0146484
2.74117 14.5885 1.54424 4.79324 0.454176 0.497757 1.26786 7.22587 -0.495376 8.61843 2.38166 0.924711 3.96313 0.889004 0.113041 1.06308  2048 2048 378 0 0 79.6525 6.05552 59.9855 9.25114 0.0166016 0.0131836
2.74117 14.5885 1.54424 4.79324 0.454176 0.497757 1.26786 7.22587 -0.495376 8.61843 2.38166 0.924711 3.96313 0.889004 0.113041 1.06308  2048 2048 378 0 0 79.6525 6.14764 59.9855 9.25127 0.0166016 0.0131836
2.74117 14.5885 1.54424 4.79324 0.454176 0.497757 1.26786 8.41609 -0.41467 8.61843 2.38166 0.924711 3.96313 0.889004 0.113041 1.06308  2048 2048 378 0 0 79.5525 6.13701 59.9855 9.24191 0.0166016 0.0136719
2.74117 14.5885 1.54424 4.79324 0.454176 0.497757 1.28666 7.22587 -0.495376 8.61843 2.38166 0.924711 3.96313 0.889004 0.113041 1.06308  2048 2048 378 0 0 79.6359 6.08803 59.9855 9.24891 0.0166016 0.0136719
2.74117 14.5885 1.54424 4.79324 0.454176 0.497757 1.26786 8.41609 -0.41467 8.61843 2.38166 0.399792 3.96313 0.9064 0.113041 1.26182  2048 2048 378 0 0 79.5525 6.18275 59.9855 9.24101 0.0166016 0.0141602
2.74117 14.5885 1.54424 4.79324 0.454176 0.497757 1.26786 8.41609 -0.41467 8.61843 2.38166 0.399792 3.96313 0.9064 0.113041 1.26182  2048 2048 378 0 0 79.5358 6.39104 59.9855 9.24111 0.0166016 0.0141602
2.74117 14.5885 1.54424 4.79324 0.454176 0.497757 1.26786 8.41609 -0.41467 8.61843 2.38166 0.399792 3.96313 0.9064 0.113041 1.06308  2048 2048 379 0 0 79.3525 6.2506 59.9855 9.25269 0.0166016 0.0141602
2.74117 14.5885 1.54424 4.79324 0.454176 0.497757 1.26786 7.22587 -0.495376 8.61843 2.38166 0.399792 3.96313 0.889004 0.113041 1.06308  2048 2048 379 0 0 79.5192 6.2987 59.9855 9.26388 0.0166016 0.0136719
2.74117 14.5885 1.54424 4.79324 0.454176 0.497757 1.26786 9.87182 -0.495376 8.61843 2.38166 0.399792 4.53627 0.889004 0.113041 1.06308  2048 2048 377 0 0 79.1691 6.26497 59.9855 9.19591 0.0185547 0.012207
2.74117 14.5885 1.54424 4.79324 0.454176 0.497757 1.26786 8.41609 -0.41467 8.61843 2.38166 0.399792 3.96313 0.889004 0.113041 1.06308  2048 2048 379 0 0 79.3525 6.43161 59.9855 9.25481 0.0166016 0.0141602
2.74117 14.5885 1.54424 4.79324 0.454176 0.497757 1.26786 8.41609 -0.495376 8.61843 2.38166 0.399792 4.53627 0.889004 0.113041 1.06308  2048 2048 377 0 0 79.2358 6.11903 59.9855 9.20634 0.0175781 0.0141602
2.74117 14.5885 1.54424 4.79324 0.454176 0.497757 1.26786 7.54936 -0.495376 8.61843 2.38166 0.399792 3.96313 0.889004 0.113041 1.06308  2048 2048 379 0 0 79.3025 6.27034 59.9855 9.25526 0.0166016 0.0141602
2.74117 14.5885 1.54424 4.79324 0.454176 0.497757 1.28666 7.54936 -0.495376 8.61843 2.38166 0.399792 3.96313 0.9064 0.113041 1.06308  2048 2048 379 0 0 79.2858 6.11787 59.9855 9.2517 0.0166016 0.0146484
2.74117 14.5885 1.54424 4.79324 0.454176 0.497757 1.28666 7.54936 -0.495376 8.61843 2.38166 0.399792 3.96313 0.9064 0.113041 1.06308  2048 2048 379 0 0 79.2524 6.11898 59.9855 9.25173 0.0166016 0.0146484
2.74117 14.5885 1.54424 4.79324 0.454176 0.497757 1.28666 7.54936 -0.495376 8.61843 2.38166 0.399792 3.96313 0.889004 0.113041 1.06308  2048 2048 379 0 0 79.3025 6.36146 59.9855 9.25329 0.0166016 0.0146484
2.74117 14.5885 1.54424 4.79324 0.454176 0.497757 1.26786 8.41609 -0.41467 8.61843 2.38166 0.399792 3.96313 0.889004 0.113041 1.06308  2048 2048 379 0 0 79.3525 6.25484 59.9855 9.25482 0.0166016 0.0146484
2.74117 14.5885 1.54424 4.79324 0.454176 0.497757 1.26786 8.41609 -0.41467 8.61843 2.38166 0.399792 3.96313 0.889004 0.113041 1.06308  2048 2048 379 0 0 79.3525 6.10114 59.9855 9.25484 0.0166016 0.0146484
2.74117 14.5885 1.54424 4.79324 0.454176 0.497757 1.26786 7.54936 -0.495376 8.61843 2.38166 0.399792 3.96313 0.889004 0.113041 1.06308  2048 2048 379 0 0 79.3025 6.16719 59.9855 9.25498 0.0166016 0.0146484
2.74117 14.5885 1.54424 4.79324 0.454176 0.497757 1.26786 8.41609 -0.41467 8.61843 2.38166 0.399792 3.96313 0.889004 0.113041 1.06308  2048 2048 379 0 0 79.3191 6.0816 59.9855 9.25504 0.0166016 0.0146484
2.74117 14.5885 1.54424 4.79324 0.454176 0.497757 1.26786 2.87393 -0.495376 8.61843 2.38166 0.399792 3.96313 0.889004 0.113041 1.06308  2048 2048 382 0 0 80.186 6.22191 59.9855 10.0028 0.0839844 0.0483398
2.74117 14.5885 1.54424 4.79324 0.454176 0.497757 1.26786 7.54936 -0.495376 8.09687 2.38166 0.399792 3.96313 0.9064 0.113041 1.06308  2048 2048 377 0 0 79.0691 6.20474 59.9855 9.18633 0.0224609 0.0444336
2.74117 14.5885 1.54424 4.79324 0.454176 0.497757 1.26786 7.54936 -0.41467 8.61843 2.38166 0.399792 3.96313 0.9064 0.113041 1.06308  2048 2048 379 0 0 79.6359 6.25475 59.9855 9.27487 0.0205078 0.0146484
2.74117 14.5885 1.54424 4.79324 0.454176 0.497757 1.26786 7.54936 -0.41467 8.61843 2.38166 0.399792 3.96313 0.889004 0.113041 1.06308  2048 2048 379 0 0 79.6859 6.33071 59.9855 9.27662 0.0185547 0.0141602
2.74117 14.5885 1.54424 4.79324 0.454176 0.497757 1.26786 8.41609 -0.41467 8.61843 2.38166 0.399792 3.96313 0.889004 0.113041 1.26182  2048 2048 378 0 0 79.5525 6.18804 59.9855 9.24294 0.0185547 0.0141602
2.74117 18.0828 4.79324 7.24265 0.454176 0.497757 1.26786 8.41609 -0.41467 8.61843 2.38166 0.399792 3.96313 0.889004 0.113041 1.06308  2048 2048 387 0 0 80.0026 6.35819 59.9855 9.2901 0.0341797 0.292969
2.74117 14.5885 1.54424 4.79324 0.454176 0.497757 1.26786 7.22587 -0.495376 8.61843 2.38166 0.399792 4.53627 0.889004 0.113041 1.06308  2048 2048 377 0 0 79.4692 6.02762 59.9855 9.2292 0.0214844 0.012207
2.74117 14.5885 1.54424 4.79324 0.454176 0.497757 1.28666 7.54936 -0.348384 8.61843 2.38166 0.399792 3.96313 0.9064 0.113041 1.06308  2048 2048 379 0 0 79.7359 6.25585 59.9855 9.3057 0.0195313 0.0141602
2.74117 14.5885 4.79324 15.8794 0.454176 0.497757 1.26786 8.41609 -0.495376 8.61843 2.38166 0.399792 3.96313 0.889004 0.113041 1.06308  2048 2048 364 0 0 77.8855 6.40713 59.9855 9.43486 2.55469 3.16797
2.74117 14.5885 1.54424 4.79324 0.454176 0.497757 1.26786 8.41609 -0.495376 8.61843 2.38166 0.399792 3.96313 0.889004 0.113041 1.06308  2048 2048 379 0 0 79.2691 6.10131 59.9855 9.24081 0.0175781 0.0151367
2.74117 14.5885 1.54424 4.79324 0.454176 0.497757 1.26786 7.54936 -0.495376 8.61843 2.38166 0.399792 3.96313 0.9064 0.113041 1.06308  2048 2048 379 0 0 79.2858 6.23064 59.9855 9.25314 0.0166016 0.0151367
6.80105 14.5885 1.54424 4.79324 0.454176 0.497757 1.26786 8.41609 -0.41467 8.61843 2.38166 0.399792 3.96313 0.889004 0.113041 1.06308  2048 2048 914 1239 0 121.645 8.41553 59.9861 10.8232 12.188 3.74512
2.74117 14.5885 1.54424 4.79324 0.454176 0.497757 1.26786 8.41609 0.18685 8.61843 2.38166 0.399792 3.96313 0.889004 0.113041 1.06308  2048 2048 482 0 0 92.6887 8.73625 59.9858 16.9735 51.0835 1.69141
2.74117 14.5885 1.54424 4.79324 0.454176 0.497757 1.26786 7.22587 -0.301462 8.61843 2.38166 0.399792 10.7102 0.889004 0.113041 1.06308  2048 2048 373 0 0 78.4523 6.22621 59.9855 9.17781 0.17334 0.0175781
2.74117 14.5885 2.69723 4.79324 0.869228 0.497757 1.26786 7.22587 -0.495376 8.61843 2.38166 0.399792 3.96313 0.889004 0.113041 1.06308  2048 2048 378 0 0 79.6359 6.11926 59.9855 9.26918 0.0341797 0.0175781
2.74117 14.5885 1.54424 4.79324 0.454176 0.497757 1.28666 7.22587 -0.495376 8.61843 2.38166 0.399792 3.96313 0.889004 0.113041 1.06308  2048 2048 379 0 0 79.5192 6.13844 59.9855 9.26201 0.0185547 0.0141602
2.74117 14.5885 1.54424 4.79324 0.454176 0.497757 1.26786 7.22587 -0.495376 8.61843 2.38166 0.924711 3.96313 0.889004 0.113041 1.06308  2048 2048 378 0 0 79.6525 6.39098 59.9855 9.25074 0.0175781 0.0131836
2.74117 14.5885 1.54424 4.79324 0.454176 0.497757 1.26786 9.87182 -0.41467 8.61843 2.38166 0.399792 4.53627 0.889004 0.113041 1.06308  2048 2048 377 0 0 79.2024 6.31873 59.9855 9.20192 0.0205078 0.0117188
2.74117 14.5885 1.54424 4.79324 0.454176 0.497757 1.26786 7.22587 -0.495376 8.61843 2.38166 0.924711 3.96313 0.889004 0.113041 1.20933  2048 2048 378 0 0 79.6859 6.22871 59.9855 9.24324 0.0205078 0.0131836
2.74117 14.5885 1.54424 4.79324 0.454176 0.497757 1.26786 8.41609 -0.495376 8.61843 2.38166 0.399792 4.53627 0.889004 0.113041 1.06308  2048 2048 377 0 0 79.2358 6.30711 59.9855 9.20585 0.0185547 0.0146484
2.74117 14.5885 1.54424 4.79324 0.454176 0.497757 1.26786 8.41609 -0.495376 8.61843 2.38166 0.399792 3.96313 0.9064 0.113041 1.06308  2048 2048 378 0 0 79.6359 6.17817 59.9855 9.23986 0.0175781 0.0146484
2.74117 14.5885 1.54424 4.79324 0.454176 0.497757 1.28666 7.54936 -0.495376 8.61843 2.38166 0.399792 4.53627 0.889004 0.113041 1.06308  2048 2048 377 0 0 79.4192 6.18954 59.9855 9.21969 0.0205078 0.0131836
2.74117 14.5885 1.54424 4.79324 0.454176 0.497757 1.26786 2.58431 -0.41467 8.61843 2.38166 0.399792 3.96313 0.9064 0.113041 1.26182  2048 2048 381 0 0 80.1526 6.43236 59.9855 10.1688 0.0722656 0.0546875
2.74117 14.5885 1.54424 4.79324 0.529191 0.497757 1.26786 8.41609 -0.41467 8.61843 2.38166 0.399792 3.96313 0.889004 0.113041 1.06308  2048 2048 379 0 0 79.2524 6.38359 59.9855 9.24052 0.0214844 0.0166016
2.74117 14.5885 1.54424 4.79324 0.454176 0.497757 1.26786 8.41609 -0.41467 8.61843 2.38166 0.924711 3.96313 0.889004 0.113041 1.06308  2048 2048 378 0 0 79.5358 6.19701 59.9855 9.24222 0.0185547 0.0136719
2.74117 14.5885 1.54424 4.79324 0.454176 0.497757 1.26786 7.54936 -0.495376 8.61843 2.38166 0.399792 3.96313 0.9064 0.113041 1.06308  2048 2048 379 0 0 79.3191 6.21695 59.9855 9.25332 0.0185547 0.0151367
2.74117 14.5885 1.54424 4.79324 0.454176 0.497757 1.26786 8.41609 -0.495376 8.61843 2.38166 0.924711 3.96313 1.81616 0.113041 1.06308  2048 2048 376 0 0 79.2524 6.10925 59.9855 9.17693 0.0371094 0.0102539
2.74117 14.5885 1.54424 4.79324 0.454176 0.497757 1.26786 7.54936 -0.495376 8.61843 2.38166 0.399792 3.96313 0.889004 1.25419 1.06308  2048 2048 376 0 0 79.2358 5.90941 59.9855 9.21765 0.0942383 0.00878906
2.74117 14.5885 1.54424 4.79324 0.454176 0.497757 1.26786 8.41609 -0.41467 8.61843 2.38166 0.399792 3.96313 0.9064 0.113041 0.837428  2048 2048 379 0 0 79.3525 6.32842 59.9855 9.26744 0.0195313 0.0161133
2.74117 14.5885 1.54424 4.79324 0.454176 0.497757 1.26786 7.54936 -0.495376 8.61843 2.38166 0.399792 3.96313 0.889004 0.113041 0.160466  2048 2048 381 0 0 79.6359 6.09695 59.9855 9.32474 0.0185547 0.0249023
2.74117 14.5885 1.54424 4.79324 0.454176 0.497757 1.26786 7.22587 -0.495376 8.61843 2.38166 0.399792 11.1454 0.889004 0.113041 1.06308  2048 2048 373 0 0 78.0689 5.9415 59.9855 9.0689 0.230469 0.0175781
2.74117 14.5885 1.54424 4.79324 0.454176 0.497757 1.26786 8.41609 -0.41467 8.61843 2.38166 0.399792 4.53627 0.9064 0.113041 1.06308  2048 2048 377 0 0 79.3191 6.05402 59.9855 9.21829 0.0214844 0.012207
2.74117 14.5885 1.54424 4.79324 0.454176 0.497757 1.26786 8.41609 -0.41467 8.61843 2.38166 0.924711 4.53627 0.889004 0.113041 1.06308  2048 2048 377 0 0 79.2524 6.30085 59.9855 9.20949 0.0205078 0.012207
2.74117 14.5885 1.54424 4.79324 0.454176 0.497757 1.28666 7.54936 -0.495376 8.61843 2.38166 0.399792 4.53627 0.889004 0.113041 1.06308  2048 2048 377 0 0 79.4525 6.18384 59.9855 9.21968 0.0214844 0.0131836
2.74117 14.5885 1.54424 4.79324 0.454176 0.497757 1.26786 8.41609 -0.41467 8.61843 8.83511 0.399792 4.53627 0.889004 0.113041 1.06308  2048 1985 387 0 0 409.611 26.636 59.9874 18.3088 286.314 0.754883
2.74117 14.5885 1.54424 4.79324 0.454176 0.497757 1.26786 8.41609 -0.495376 8.61843 2.38166 0.399792 3.96313 0.889004 0.113041 1.06308  2048 2048 379 0 0 79.2691 6.21482 59.9855 9.24088 0.0175781 0.0151367
2.74117 14.5885 1.54424 4.79324 0.454176 0.497757 1.28666 9.10825 -0.495376 8.61843 2.38166 0.399792 3.96313 0.9064 0.113041 1.26182  2048 2048 378 0 0 79.4525 6.37602 59.9855 9.21924 0.0195313 0.0151367
2.74117 14.5885 1.54424 4.79324 0.454176 0.497757 0.173345 7.22587 -0.495376 8.61843 2.38166 0.924711 3.96313 0.889004 0.113041 1.06308  2048 2048 376 0 0 82.0364 6.42427 59.9856 9.45505 0.0458984 0.00830078
8.32728 14.5885 1.54424 4.79324 0.454176 0.497757 1.28666 7.54936 -0.495376 8.61843 2.38166 0.399792 3.96313 0.889004 0.113041 1.06308  2048 2048 992 1371 0 124.529 8.26725 59.9861 9.60838 11.813 3.7793
2.74117 14.5885 4.79324 15.4399 0.454176 0.497757 1.26786 7.22587 -0.495376 8.61843 2.38166 0.399792 3.96313 0.889004 0.113041 1.06308  2048 2048 367 0 0 78.0355 6.51929 59.9855 9.487 2.35205 3.08545
2.74117 14.5885 1.54424 4.79324 0.454176 0.497757 1.28666 7.54936 -0.495376 8.61843 2.38166 0.399792 3.96313 0.9064 0.113041 1.26182  2048 2048 378 0 0 79.6359 6.39783 59.9855 9.24081 0.0205078 0.0151367
2.74117 14.5885 1.54424 4.79324 0.454176 0.497757 1.26786 8.41609 -0.41467 8.61843 2.38166 0.924711 3.96313 0.889004 0.113041 1.06308  2048 2048 378 0 0 79.5525 6.13047 59.9855 9.2419 0.0185547 0.0136719
2.74117 14.5885 1.54424 4.79324 0.454176 0.497757 1.26786 8.41609 -0.41467 8.61843 2.38166 0.399792 16.5374 0.889004 0.113041 1.06308  2048 2048 369 0 0 78.1522 5.9486 59.9855 9.02131 0.262207 0.0800781
2.74117 14.5885 1.54424 4.79324 0.454176 0.497757 1.28666 8.41609 -0.41467 8.61843 2.38166 0.399792 3.96313 0.889004 0.113041 1.06308  2048 2048 379 0 0 79.3191 6.11691 59.9855 9.25287 0.0166016 0.015625
2.74117 14.5885 1.54424 4.79324 0.454176 0.497757 1.26786 7.54936 -0.495376 8.61843 2.38166 0.399792 3.96313 0.889004 0.113041 1.06308  2048 2048 379 0 0 79.3191 6.11464 59.9855 9.25522 0.0166016 0.0146484
2.74117 14.5885 1.54424 7.43919 0.454176 0.497757 1.26786 8.41609 -0.41467 8.61843 2.38166 0.399792 3.96313 0.889004 0.113041 1.06308  2048 2048 378 0 0 78.7857 6.07146 59.9855 9.11971 0.0537109 0.322754
2.74117 14.5885 1.54424 4.79324 0.454176 0.497757 1.28666 7.54936 -0.495376 8.61843 2.38166 0.399792 3.96313 0.9064 0.113041 1.30125  2048 2048 378 0 0 79.5525 5.91478 59.9855 9.23837 0.0185547 0.0151367
2.74117 14.5885 2.67952 4.79324 0.454176 0.497757 1.26786 9.87182 -0.495376 8.61843 2.38166 0.399792 4.53627 0.889004 0.113041 1.06308  2048 2048 376 0 0 79.3525 6.13588 59.9855 9.27429 0.0332031 0.0107422
2.74117 14.5885 1.54424 4.79324 0.454176 0.497757 1.26786 8.41609 -0.41467 8.61843 2.38166 0.399792 3.96313 1.38682 0.113041 1.06308  2048 2048 378 0 0 79.6359 5.84298 59.9855 9.21667 0.0361328 0.0141602
2.74117 14.5885 1.54424 4.79324 0.454176 0.497757 1.26786 8.41609 -0.495376 8.61843 2.38166 0.399792 4.53627 0.9064 0.113041 1.06308  2048 2048 377 0 0 79.1858 6.01136 59.9855 9.20446 0.0195313 0.0141602
2.74117 14.5885 1.54424 4.79324 0.454176 0.497757 1.28666 7.54936 -0.41467 8.61843 2.38166 0.399792 3.96313 0.889004 0.113041 1.06308  2048 2048 379 0 0 79.6692 4.70937 59.9855 9.27456 0.0185547 0.0141602
2.74117 14.5885 1.54424 4.79324 0.454176 1.95087 1.26786 8.41609 -0.41467 8.61843 2.38166 0.399792 3.96313 0.889004 0.113041 1.06308  2048 2048 381 0 0 78.9691 2.80047 59.9855 9.16389 0.0400391 0.178223
8.83755 14.5885 1.54424 4.79324 0.454176 0.497757 1.26786 8.41609 -0.495376 8.61843 2.38166 0.399792 3.96313 0.889004 0.113041 1.06308  2048 2048 959 1393 0 122.212 3.37818 59.9861 9.17478 11.6411 3.75635
3.27128 14.5885 1.54424 4.79324 0.454176 0.497757 1.26786 8.41609 -0.41467 8.61843 2.38166 0.399792 3.96313 0.889004 0.113041 1.06308  2048 2048 390 0 0 81.4529 2.98956 59.9856 9.83537 0.193359 0.644043
2.74117 15.9392 1.54424 4.79324 0.454176 0.497757 1.26786 8.41609 -0.41467 8.61843 2.38166 0.399792 3.96313 0.9064 0.113041 1.06308  2048 2048 379 0 0 79.4692 2.72044 59.9855 9.30081 0.0214844 0.0405273
2.74117 14.5885 1.54424 4.79324 0.432813 0.497757 1.26786 8.41609 -0.41467 8.61843 2.38166 0.399792 3.96313 0.889004 0.113041 1.06308  2048 2048 379 0 0 79.3858 2.87995 59.9855 9.25966 0.0195313 0.0136719
2.74117 14.5885 1.54424 4.79324 0.454176 0.497757 1.28666 7.54936 -0.495376 8.61843 2.38166 0.399792 3.96313 0.889004 0.113041 1.06308  2048 2048 379 0 0 79.3025 2.64954 59.9855 9.25273 0.0175781 0.0146484
2.74117 14.5885 1.54424 4.79324 1.55028 0.497757 1.26786 7.22587 -0.495376 8.61843 2.38166 0.399792 3.96313 0.889004 0.113041 1.06308  2048 2048 379 0 0 78.9691 2.70215 59.9855 9.16573 0.0996094 0.0605469
2.74117 14.5885 1.54424 4.79324 0.454176 0.497757 1.26786 7.22587 -0.495376 8.61843 2.38166 0.399792 3.96313 0.889004 0.113041 1.06308  2048 2048 379 0 0 79.5192 2.69584 59.9855 9.26451 0.0175781 0.0136719
2.74117 14.5885 1.54424 4.79324 0.454176 0.497757 1.26786 7.22587 -0.495376 8.61843 2.38166 0.399792 16.5081 0.9064 0.113041 1.06308  2048 2048 369 0 0 78.1856 2.57635 59.9855 9.02901 0.258301 0.0766602
2.74117 14.5885 1.54424 4.79324 0.454176 0.497757 1.26786 7.54936 -0.495376 8.61843 2.38166 0.399792 3.96313 0.9064 0.113041 1.26182  2048 2048 378 0 0 79.6359 2.53414 59.9855 9.24155 0.0185547 0.0141602
6.54592 14.5885 1.54424 4.79324 0.454176 0.497757 1.26786 8.41609 -0.41467 8.61843 2.38166 0.399792 3.96313 0.889004 0.113041 1.06308  2048 2048 935 1206 0 122.395 3.59729 59.9861 11.1768 12.0283 3.73633
2.74117 14.5885 1.54424 4.79324 0.454176 0.497757 1.26786 8.41609 -0.0130619 8.61843 2.38166 0.399792 4.53627 0.889004 0.113041 1.06308  2048 2048 381 0 0 80.2527 2.86206 59.9855 10.3823 0.059082 0.0620117
2.74117 14.5885 1.54424 4.79324 0.454176 0.497757 1.26786 7.22587 -0.298303 8.61843 2.38166 0.924711 3.96313 0.889004 0.113041 1.06308  2048 2048 378 0 0 79.6359 2.75682 59.9855 9.36258 0.0322266 0.0146484
2.74117 14.5885 1.54424 4.79324 0.454176 0.497757 1.26786 8.41609 -0.41467 8.61843 2.38166 0.924711 3.96313 0.9064 0.113041 1.26182  2048 2048 378 0 0 79.5192 2.59085 59.9855 9.22808 0.0214844 0.0146484
2.74117 14.5885 1.54424 4.79324 0.454176 0.497757 1.26786 8.41609 -0.495376 8.61843 2.38166 0.399792 4.53627 0.889004 0.113041 1.06308  2048 2048 377 0 0 79.2358 2.775 59.9855 9.20585 0.0195313 0.0146484
2.74117 14.5885 1.54424 4.79324 0.454176 0.497757 1.26786 8.41609 -0.41467 8.61843 2.38166 0.924711 3.96313 0.889004 0.113041 1.06308  2048 2048 378 0 0 79.5358 2.75578 59.9855 9.24191 0.0175781 0.0136719
2.74117 14.5885 4.79324 8.89187 0.454176 0.497757 1.26786 8.41609 -0.41467 8.61843 2.38166 0.399792 3.96313 0.9064 0.113041 1.06308  2048 2048 377 0 0 78.7523 2.7343 59.9855 9.14138 0.0996094 0.640625
2.74117 14.5885 1.54424 4.79324 0.454176 0.497757 1.26786 7.54936 -0.495376 8.61843 2.38166 0.924711 3.96313 0.889004 0.113041 1.06308  2048 2048 378 0 0 79.6359 2.65301 59.9855 9.24188 0.0195313 0.0146484
2.74117 14.5885 1.54424 4.79324 0.454176 0.497757 1.26786 9.87182 -0.495376 8.61843 2.38166 0.399792 3.96313 0.889004 0.113041 1.26182  2048 2048 378 0 0 79.4858 2.72681 59.9855 9.21774 0.0205078 0.0151367
2.74117 14.5885 1.54424 4.79324 0.454176 0.497757 1.28666 7.22587 -0.495376 8.61843 2.38166 0.924711 3.96313 0.889004 0.113041 1.06308  2048 2048 378 0 0 79.6359 2.81899 59.9855 9.24957 0.0175781 0.0136719
2.74117 14.5885 1.54424 4.79324 0.454176 0.497757 0.771569 7.22587 -0.495376 8.61843 2.38166 0.924711 3.96313 0.889004 0.113041 1.06308  2048 2048 377 0 0 80.2527 2.78665 59.9855 9.31318 0.0390625 0.0102539
2.74117 14.5885 1.54424 4.79324 0.454176 0.497757 1.28666 7.54936 -0.495376 8.61843 2.38166 0.924711 3.96313 0.889004 0.113041 1.06308  2048 2048 378 0 0 79.6359 2.79617 59.9855 9.24128 0.0175781 0.0136719
2.74117 14.5885 1.54424 4.79324 0.454176 0.497757 1.26786 7.22587 -0.495376 8.61843 2.38166 0.924711 3.96313 0.889004 0.113041 1.06308  2048 2048 378 0 0 79.6525 2.67178 59.9855 9.25148 0.0185547 0.0131836
2.74117 14.5885 1.54424 4.79324 0.454176 0.497757 1.26786 7.22587 -0.495376 8.61843 7.05222 0.399792 3.96313 0.9064 0.113041 1.06308  2048 2015 386 0 0 409.611 10.2753 59.986 15.8264 171.807 0.695313
2.74117 14.5885 1.54424 4.79324 0.454176 0.497757 1.26786 8.41609 -0.41467 8.61843 2.38166 0.399792 4.53627 0.889004 0.113041 1.06308  2048 2048 377 0 0 79.3525 2.75047 59.9855 9.22008 0.0195313 0.0131836
2.74117 14.5885 1.54424 4.79324 0.454176 0.497757 1.98724 8.41609 -0.495376 8.61843 2.38166 0.399792 3.96313 1.35405 0.113041 1.06308  2048 2048 379 0 0 78.9524 2.77817 59.9855 9.15325 0.034668 0.0205078
2.74117 14.5885 1.54424 4.79324 0.454176 0.669942 1.28666 3.08359 -0.495376 8.61843 0.390637 0.399792 3.96313 0.9064 0.113041 1.06308  2048 2048 376 0 0 79.0691 2.75665 59.9855 9.80416 0.285156 2.87207
2.74117 14.6855 1.54424 4.79324 0.454176 0.497757 1.26786 8.41609 -0.495376 8.61843 2.38166 0.399792 4.53627 0.889004 0.113041 1.06308  2048 2048 378 0 0 79.4525 2.71063 59.9855 9.20878 0.0175781 0.0146484
2.74117 14.5885 1.54424 4.79324 0.454176 0.497757 1.26786 5.50951 -0.495376 8.61843 2.38166 0.399792 3.96313 0.9064 0.113041 1.06308  2048 2048 379 0 0 79.6859 2.71653 59.9855 9.3475 0.0234375 0.0161133
2.74117 14.5885 1.54424 4.79324 0.454176 0.497757 1.26786 8.41609 -0.0256966 8.61843 2.38166 0.399792 3.96313 0.889004 0.113041 1.06308  2048 2048 382 0 0 80.3694 2.97528 59.9855 10.3453 0.0712891 0.0673828
2.74117 14.5885 1.54424 4.79324 0.454176 0.497757 1.28666 7.22587 0.557924 8.61843 2.38166 0.924711 3.96313 0.889004 0.113041 1.06308  2048 2048 1244 0 0 124.495 6.23841 59.9861 26.0572 116.699 3.12695
2.74117 14.5885 1.54424 4.79324 0.454176 0.497757 1.26786 8.41609 -0.495376 8.61843 2.38166 0.399792 4.53627 0.889004 0.113041 1.24717  2048 2048 377 0 0 79.1858 2.74679 59.9855 9.19585 0.0205078 0.0131836
2.74117 14.5885 1.54424 4.79324 0.454176 0.497757 1.26786 8.41609 -0.495376 8.61843 2.38166 0.399792 3.96313 0.889004 0.113041 1.06308  2048 2048 379 0 0 79.2691 2.74115 59.9855 9.24072 0.0175781 0.0151367
2.74117 14.5885 1.54424 4.79324 0.454176 0.497757 1.26786 8.41609 -0.41467 8.61843 2.38166 0.399792 7.64855 0.889004 0.113041 1.26182  2048 2048 377 0 0 78.7523 2.71283 59.9855 9.10838 0.102539 0.00732422
2.74117 14.5885 1.54424 4.79324 0.454176 0.497757 1.26786 8.41609 -0.495376 8.61843 2.38166 0.924711 4.53627 0.889004 0.113041 1.06308  2048 2048 377 0 0 79.1524 2.70943 59.9855 9.19518 0.0205078 0.0136719
2.74117 14.5885 1.54424 4.79324 0.454176 0.497757 1.26786 8.41609 -0.41467 8.61843 2.38166 0.399792 3.96313 0.9064 0.113041 1.06308  2048 2048 379 0 0 79.3525 2.62468 59.9855 9.25238 0.0175781 0.0141602
2.74117 14.5885 1.54424 19.4751 0.454176 0.497757 1.26786 8.41609 -0.495376 8.61843 2.38166 0.399792 4.53627 0.889004 0.113041 1.06308  2048 2048 367 0 0 78.0355 3.1813 59.9855 9.71801 3.92529 3.51709
2.74117 14.5885 1.54424 4.79324 0.454176 1.52971 1.28666 7.54936 -0.495376 8.61843 2.38166 0.399792 3.96313 0.889004 0.113041 1.06308  2048 2048 382 0 0 79.2358 2.61685 59.9855 9.15341 0.0224609 0.126953
2.74117 2.79489 1.54424 4.79324 0.454176 0.497757 1.26786 8.41609 -0.41467 8.61843 2.38166 0.399792 3.96313 0.9064 0.113041 1.26182  2048 2048 358 0 0 78.0855 2.81315 59.9855 9.00435 8.08252 0
2.74117 14.5885 1.54424 4.79324 0.454176 0.497757 1.28666 8.41609 -0.41467 8.61843 2.38166 0.924711 3.96313 0.889004 0.113041 1.06308  2048 2048 378 0 0 79.5358 2.73127 59.9855 9.23978 0.0175781 0.0146484
2.74117 14.5885 1.54424 4.79324 0.454176 0.497757 1.26786 8.41609 -0.495376 8.61843 2.38166 0.924711 3.96313 0.889004 0.113041 1.06308  2048 2048 378 0 0 79.5358 2.84167 59.9855 9.22826 0.0195313 0.0151367
2.74117 14.5885 1.54424 4.79324 0.454176 0.497757 1.26786 8.41609 -0.495376 8.61843 2.38166 0.399792 3.96313 0.889004 0.113041 1.06308  2048 2048 379 0 0 79.2691 2.68889 59.9855 9.24057 0.0175781 0.015625
2.74117 14.5885 1.54424 4.79324 0.454176 0.497757 1.26786 7.22587 -0.495376 8.61843 2.38166 0.399792 4.53627 0.889004 0.113041 1.06308  2048 2048 377 0 0 79.4525 2.6614 59.9855 9.22934 0.0214844 0.012207
2.74117 14.5885 1.54424 2.65084 0.454176 0.497757 1.26786 7.54936 -0.495376 8.61843 2.38166 3.96313 15.5168 0.889004 0.113041 1.06308  2048 2048 371 0 0 79.2858 2.74377 59.9855 9.42399 0.64209 0.0976563
2.74117 14.5885 1.54424 4.79324 0.454176 0.497757 1.26786 8.41609 -0.41467 8.61843 2.38166 0.399792 3.96313 0.9064 1.3162 1.26182  2048 2048 374 0 0 79.0024 2.69909 59.9855 9.20642 0.121094 0.0078125
2.74117 14.5885 1.54424 4.79324 0.454176 0.497757 1.26786 9.87182 -0.495376 8.61843 2.38166 0.399792 4.53627 0.9064 0.113041 1.06308  2048 2048 377 0 0 79.1191 2.65977 59.9855 9.19375 0.0214844 0.0126953
2.74117 14.5885 1.54424 4.79324 0.454176 0.497757 1.26786 8.41609 0.888165 8.61843 2.38166 0.399792 3.96313 0.889004 0.113041 1.06308  2048 2048 2305 5 0 159.588 7.76612 59.9918 31.412 72.4019 2.5957
2.74117 14.5885 1.54424 4.79324 0.454176 0.497757 1.26786 7.54936 -0.495376 8.61843 2.38166 0.924711 3.96313 0.889004 0.113041 1.06308  2048 2048 378 0 0 79.6359 2.66091 59.9855 9.24271 0.0185547 0.0146484
2.74117 14.5885 1.54424 4.79324 0.454176 0.497757 1.26786 8.41609 -0.41467 8.61843 2.38166 0.399792 3.96313 0.889004 0.113041 1.26182  2048 2048 378 0 0 79.6359 2.72386 59.9855 9.24293 0.0195313 0.0136719
2.74117 14.5885 1.54424 4.79324 0.454176 0.497757 1.26786 8.41609 -0.41467 8.61843 2.38166 0.399792 4.53627 0.889004 0.637287 1.06308  2048 2048 376 0 0 79.3025 2.69444 59.9855 9.19645 0.0410156 0.00683594
2.74117 14.5885 1.54424 4.79324 0.454176 0.497757 1.26786 8.41609 -0.41467 8.61843 2.38166 0.399792 3.96313 0.958525 0.113041 1.06308  2048 2048 378 0 0 79.5525 2.59491 59.9855 9.24757 0.0175781 0.0151367
2.74117 14.5885 1.54424 4.79324 0.454176 0.497757 1.26786 7.54936 -0.495376 8.61843 2.38166 0.924711 3.96313 0.889004 0.113041 0.582232  2048 2048 379 0 0 79.3858 2.74272 59.9855 9.2773 0.0195313 0.0146484
2.74117 14.5885 1.54424 4.79324 0.454176 0.497757 1.26786 7.54936 -0.495376 8.61843 2.38166 0.399792 3.67382 0.889004 0.113041 1.06308  2048 2048 379 0 0 79.4525 2.63987 59.9855 9.2753 0.0195313 0.0166016
2.74117 14.5885 1.54424 4.79324 0.454176 0.497757 1.26786 8.41609 -0.41467 8.61843 2.38166 0.399792 3.96313 0.159734 0.113041 1.26182  2048 2048 382 0 0 79.9026 2.7519 59.9855 9.35962 0.0175781 0.0551758
2.74117 14.5885 1.54424 4.79324 0.454176 0.497757 1.26786 9.87182 -0.495376 8.61843 2.38166 0.399792 3.96313 0.889004 0.113041 1.06308  2048 2048 379 0 0 79.2024 2.66523 59.9855 9.22891 0.0205078 0.0166016
2.74117 14.5885 1.54424 13.0515 0.454176 0.497757 1.28666 7.54936 -0.495376 8.61843 2.38166 0.399792 3.96313 0.9064 0.113041 1.06308  2048 2048 368 0 0 78.0355 2.90732 59.9855 9.32763 1.29932 2.61377
2.74117 14.5885 1.54424 4.79324 0.454176 0.497757 1.26786 7.54936 -0.41467 8.61843 2.38166 0.399792 3.96313 0.889004 0.113041 1.06308  2048 2048 379 0 0 79.6692 2.67985 59.9855 9.27663 0.0205078 0.0141602
2.74117 14.5885 1.54424 4.79324 0.454176 0.19367 1.28666 7.54936 -0.495376 8.61843 2.38166 0.399792 4.53627 0.889004 0.113041 1.06308  2048 2048 377 0 0 79.4692 2.77463 59.9855 9.32692 0.0244141 0.0078125
2.74117 14.5885 1.54424 4.79324 0.454176 0.497757 1.26786 9.87182 -0.495376 8.61843 2.38166 0.399792 3.96313 0.9064 0.113041 1.06308  2048 2048 378 0 0 79.5192 2.8282 59.9855 9.22774 0.0205078 0.0170898
2.74117 14.5885 1.54424 4.79324 0.454176 0.497757 1.26786 8.41609 -0.41467 8.61843 2.38166 0.399792 4.53627 0.889004 0.113041 1.06308  2048 2048 377 0 0 79.3858 2.71555 59.9855 9.22 0.0185547 0.0126953
2.74117 14.5885 1.54424 4.79324 0.454176 0.497757 1.26786 8.41609 -0.41467 8.61843 2.38166 0.399792 17.843 0.889004 0.113041 1.06308  2048 2048 368 0 0 77.9188 2.69898 59.9855 9.01256 0.281738 0.100586
2.74117 14.5885 1.54424 4.79324 0.454176 0.497757 1.28666 7.54936 -0.495376 8.61843 2.38166 0.924711 3.96313 0.889004 0.80105 1.06308  2048 2048 376 0 0 79.4192 2.67172 59.9855 9.22408 0.0429688 0.00927734
2.74117 14.5885 1.54424 4.79324 0.454176 0.497757 1.26786 8.41609 -0.41467 8.61843 5.31266 0.399792 3.96313 0.889004 0.113041 1.06308  2048 2034 383 0 0 409.611 7.34539 59.9858 12.5998 44.3174 0.244629
2.74117 14.5885 1.54424 18.9044 0.454176 0.497757 1.26786 8.41609 -0.495376 8.61843 2.38166 0.399792 3.96313 0.9064 1.97027 1.06308  2048 2048 364 0 0 77.8855 3.04452 59.9855 9.52548 3.39502 3.25098
2.74117 14.5885 1.54424 4.79324 0.454176 0.497757 1.28666 7.54936 -0.495376 8.61843 2.38166 0.924711 3.96313 0.9064 0.113041 1.06308  2048 2048 378 0 0 79.6359 2.72192 59.9855 9.23854 0.0195313 0.0146484
2.74117 14.5885 1.54424 4.79324 0.454176 0.497757 1.28666 7.54936 -0.495376 8.61843 2.38166 0.399792 3.96313 1.17612 0.113041 1.06308  2048 2048 378 0 0 79.5192 2.68524 59.9855 9.22821 0.0244141 0.0141602
2.74117 14.5885 1.54424 4.79324 0.454176 0.497757 1.26786 7.54936 -0.495376 8.61843 2.38166 0.399792 4.53627 0.889004 0.113041 1.06308  2048 2048 377 0 0 79.3858 2.77004 59.9855 9.22195 0.0205078 0.012207
2.74117 14.5885 1.54424 4.79324 0.454176 0.497757 1.28666 7.22587 -0.495376 8.61843 2.38166 0.399792 4.53627 0.889004 0.113041 1.06308  2048 2048 377 0 0 79.4525 2.69752 59.9855 9.22807 0.0214844 0.012207
2.74117 14.5885 1.54424 4.79324 0.454176 1.38621 1.26786 8.41609 -0.41467 8.61843 2.38166 0.399792 3.96313 0.889004 0.113041 1.06308  2048 2048 383 0 0 78.9524 2.68878 59.9855 9.1552 0.0263672 0.102539
2.74117 14.5885 1.54424 4.79324 0.454176 0.497757 1.26786 7.22587 -0.495376 8.61843 2.38166 0.399792 3.96313 0.889004 0.113041 1.06308  2048 2048 379 0 0 79.5192 2.65952 59.9855 9.26404 0.0185547 0.0136719
2.74117 18.8391 1.54424 4.79324 0.454176 1.74261 1.26786 8.41609 -0.41467 8.61843 2.38166 0.399792 3.96313 0.889004 0.113041 1.26182  2048 2048 386 0 0 79.1191 2.75372 59.9855 9.24693 0.0302734 0.285645
2.74117 14.5885 1.54424 4.79324 0.454176 0.497757 1.26786 8.41609 -0.41467 8.61843 2.38166 0.399792 4.53627 0.889004 0.113041 1.06308  2048 2048 377 0 0 79.3858 2.62335 59.9855 9.22015 0.0195313 0.012207
2.74117 14.5885 1.54424 4.79324 0.454176 0.497757 1.26786 7.54936 -0.495376 8.61843 2.38166 0.924711 3.96313 0.889004 0.113041 1.06308  2048 2048 378 0 0 79.6359 2.73721 59.9855 9.24312 0.0175781 0.0146484
2.74117 14.5885 1.54424 4.79324 0.454176 0.497757 1.26786 8.41609 -0.495376 8.61843 2.38166 0.399792 3.96313 0.9064 0.113041 1.06308  2048 2048 378 0 0 79.5525 2.72241 59.9855 9.23989 0.0185547 0.0146484
2.74117 14.5885 1.54424 4.79324 0.454176 1.28953 1.26786 8.41609 -0.41467 8.61843 2.38166 0.924711 3.96313 0.889004 0.113041 1.06308  2048 2048 381 0 0 79.1191 2.65389 59.9855 9.14915 0.0439453 0.0825195
2.74117 14.5885 1.54424 4.79324 0.454176 0.497757 1.26786 9.87182 -0.495376 8.61843 2.38166 0.399792 4.53627 0.889004 0.113041 1.06308  2048 2048 377 0 0 79.1524 2.6769 59.9855 9.19538 0.0195313 0.0126953
2.74117 14.5885 1.54424 4.79324 0.454176 0.497757 0.512467 8.41609 -0.495376 8.61843 2.38166 0.399792 3.96313 0.9064 0.113041 1.06308  2048 2048 377 0 0 80.7528 2.68458 59.9856 9.35029 0.0283203 0.0102539
2.74117 14.5885 4.79324 18.4375 0.454176 0.497757 1.26786 9.87182 -0.495376 8.61843 2.38166 0.924711 3.96313 0.889004 0.113041 1.06308  2048 2048 361 0 0 77.8188 3.10376 59.9855 9.55816 3.58936 3.37109
2.74117 14.5885 1.54424 4.79324 0.454176 0.497757 1.26786 9.87182 -0.495376 8.61843 2.38166 0.399792 3.96313 0.889004 0.113041 1.06308  2048 2048 379 0 0 79.2024 2.73417 59.9855 9.22848 0.0224609 0.0166016
2.74117 14.5885 1.54424 4.79324 0.454176 0.497757 1.28666 7.54936 -0.495376 8.61843 2.38166 0.399792 3.96313 0.889004 0.113041 1.06308  2048 2048 379 0 0 79.2691 2.75983 59.9855 9.2524 0.0166016 0.0151367
2.74117 14.5885 1.54424 4.79324 0.454176 0.497757 1.28666 7.54936 -0.41467 8.61843 2.38166 0.399792 3.96313 0.9064 0.113041 1.26182  2048 2048 378 0 0 79.6359 2.63464 59.9855 9.26148 0.0205078 0.0141602
2.74117 14.5885 1.54424 4.79324 0.454176 0.497757 1.26786 8.41609 -0.41467 8.61843 2.38166 0.399792 3.96313 1.05313 0.113041 1.26182  2048 2048 378 0 0 79.5192 2.80677 59.9855 9.22675 0.0205078 0.0151367
2.74117 14.5885 1.54424 4.79324 0.454176 0.497757 1.26786 7.22587 -0.41467 8.61843 2.38166 0.924711 3.96313 0.889004 0.113041 1.06308  2048 2048 378 0 0 79.6359 2.73905 59.9855 9.27483 0.0224609 0.0136719
2.74117 14.5885 1.54424 4.79324 0.454176 0.497757 1.26786 7.22587 -0.495376 8.61843 2.38166 0.924711 4.53627 0.889004 0.113041 1.06308  2048 2048 377 0 0 79.3191 2.76052 59.9855 9.21924 0.0214844 0.012207
2.74117 14.5885 1.54424 4.79324 0.108158 0.497757 1.28666 7.54936 -0.495376 8.61843 2.38166 0.399792 3.96313 0.889004 0.113041 1.06308  2048 2048 377 0 0 79.6525 2.75665 59.9855 9.35083 0.0224609 0.00830078
2.74117 14.5885 1.54424 4.79324 0.454176 0.526383 1.26786 8.41609 -0.41467 8.61843 2.38166 0.399792 3.96313 0.889004 0.113041 1.06308  2048 2048 379 0 0 79.3025 2.68028 59.9855 9.2462 0.0185547 0.0166016
2.74117 14.5885 1.54424 16.2499 0.454176 0.497757 1.28666 7.54936 -0.495376 8.61843 2.38166 3.96313 18.9117 0.9064 0.113041 1.06308  2048 2048 393 0 0 81.8697 3.60167 59.9856 12.161 21.2993 21.958
2.74117 14.5885 1.54424 4.79324 0.454176 0.497757 1.4492 7.54936 -0.495376 8.61843 2.38166 0.399792 3.96313 0.889004 0.113041 1.06308  2048 2048 379 0 0 79.2024 2.75983 59.9855 9.23961 0.0244141 0.0180664
2.74117 14.5885 1.54424 4.79324 0.454176 1.76818 1.26786 8.41609 -0.41467 8.61843 1.41789 0.399792 3.96313 0.889004 0.113041 1.06308  2048 2048 378 0 0 78.6523 2.58156 59.9855 9.08691 0.09375 0.727051
2.74117 14.5885 1.54424 4.79324 0.454176 0.497757 1.26786 2.08899 0.654241 8.61843 2.38166 3.96313 12.689 0.9064 0.113041 1.26182  2048 2048 398 0 0 81.3696 3.13219 59.9856 12.0004 2.61475 0.776855
2.74117 14.5885 1.54424 4.79324 0.454176 0.497757 1.26786 8.41609 -0.41467 9.30418 2.38166 0.399792 3.96313 0.889004 0.113041 1.06308  2048 2048 381 0 0 80.8028 2.88461 59.9856 9.45576 0.0351563 0.00830078
2.74117 14.5885 1.54424 4.79324 0.454176 0.497757 1.28666 7.22587 -0.495376 8.61843 2.38166 0.399792 5.17472 0.889004 0.0173956 1.06308  2048 2048 377 0 0 79.2358 2.7529 59.9855 9.21072 0.0195313 0.012207
2.91604 14.5885 1.54424 4.79324 0.454176 0.497757 1.28666 7.54936 -0.495376 8.61843 2.38166 0.399792 3.96313 0.889004 0.113041 1.06308  2048 2048 386 0 0 80.7694 2.70315 59.9856 9.37174 0.0292969 0.117676
2.74117 14.5885 1.54424 4.79324 0.454176 0.497757 1.28666 7.22587 -0.495376 8.61843 2.38166 0.399792 3.96313 0.9064 0.113041 1.06308  2048 2048 379 0 0 79.5192 2.76388 59.9855 9.25984 0.0195313 0.0136719
2.74117 14.5885 1.54424 4.79324 0.454176 0.497757 1.28666 7.22587 -0.495376 8.61843 2.38166 0.399792 3.96313 0.9064 0.113041 1.06308  2048 2048 379 0 0 79.4858 3.90613 59.9855 9.26009 0.0195313 0.0136719
2.74117 14.5885 1.54424 4.79324 0.454176 0.497757 1.26786 7.22587 -0.495376 8.61843 2.38166 0.924711 3.96313 0.889004 1.34483 1.06308  2048 2048 376 0 0 79.2358 2.36808 59.9855 9.22644 0.0927734 0.0078125
2.74117 14.5885 1.54424 4.79324 0.454176 0.497757 1.26786 8.41609 -0.41467 8.61843 2.38166 0.399792 5.15213 0.889004 0.113041 1.06308  2048 2048 377 0 0 79.0691 2.3004 59.9855 9.18668 0.0253906 0.0107422
2.74117 14.5885 1.54424 4.79324 0.454176 0.497757 1.26786 8.41609 -0.41467 8.61843 2.38166 0.399792 3.96313 0.889004 0.113041 1.26182  2048 2048 378 0 0 79.5358 2.6916 59.9855 9.24246 0.0175781 0.0141602
2.74117 14.5885 1.54424 4.79324 0.454176 0.497757 1.26786 7.22587 -0.41467 8.61843 2.38166 0.399792 3.96313 0.889004 0.113041 1.06308  2048 2048 379 0 0 79.7526 2.69084 59.9855 9.28849 0.0234375 0.0141602
2.74117 14.5885 1.54424 4.79324 0.454176 0.497757 1.26786 7.22587 -0.495376 4.38246 8.38832 0.399792 4.53627 0.889004 0.169805 1.06308  2048 2048 376 0 0 78.9357 2.62931 59.9855 9.18652 0.228516 0.00146484
2.74117 14.5885 1.54424 4.79324 0.454176 0.497757 1.26786 7.22587 -0.495376 8.61843 2.38166 0.924711 3.96313 0.889004 0.113041 1.26182  2048 2048 378 0 0 79.6692 2.99333 59.9855 9.23938 0.0205078 0.0131836
2.74117 14.5885 1.54424 4.79324 0.454176 0.497757 1.26786 7.54936 -0.495376 8.61843 2.38166 0.399792 4.53627 0.889004 0.113041 1.06308  2048 2048 377 0 0 79.3858 2.67062 59.9855 9.22248 0.0195313 0.0117188
2.74117 14.5885 1.54424 4.79324 0.454176 0.497757 1.28666 7.54936 -0.495376 8.61843 2.38166 0.399792 4.53627 0.9064 0.113041 1.06308  2048 2048 377 0 0 79.3525 2.6621 59.9855 9.21775 0.0195313 0.0126953
2.74117 14.5885 1.54424 4.79324 0.454176 0.497757 1.26786 8.41609 -0.38139 8.61843 2.38166 0.399792 3.96313 0.889004 0.113041 1.06308  2048 2048 379 0 0 79.4192 2.71183 59.9855 9.2638 0.0166016 0.0146484
2.74117 14.5885 1.54424 4.79324 0.454176 0.497757 1.26786 8.41609 0.776788 8.61843 2.38166 0.399792 3.96313 0.889004 0.113041 1.06308  2048 2048 2020 2 0 150.591 7.12923 59.9904 30.3891 90.9282 2.86279
2.74117 14.5885 1.54424 4.79324 0.454176 0.497757 1.26786 7.22587 -0.495376 8.61843 2.38166 0.399792 3.96313 0.9064 0.113041 1.06308  2048 2048 379 0 0 79.5192 2.82374 59.9855 9.26271 0.0175781 0.0131836
2.74117 14.5885 1.54424 4.79324 0.454176 0.497757 1.26786 8.41609 -0.41467 8.61843 14.0934 0.399792 3.96313 0.889004 0.113041 1.06308  2048 1836 388 0 0 409.611 17.2579 60.0054 25.6718 687.35 0.852051
2.74117 14.5885 1.54424 4.79324 0.454176 0.497757 1.26786 8.41609 -0.495376 8.61843 2.38166 0.399792 3.96313 0.889004 0.113041 0.132878  2048 2048 381 0 0 79.7192 2.71912 59.9855 9.31383 0.0224609 0.0258789
7.93603 14.5885 1.54424 4.79324 0.454176 0.497757 1.26786 8.41609 -0.495376 8.61843 2.38166 0.924711 3.96313 0.889004 0.113041 1.06308  2048 2048 962 1318 0 122.862 3.39588 59.9861 9.9247 11.7661 3.89258
2.74117 14.5885 1.54424 4.79324 0.454176 0.497757 1.26786 7.22587 0.240501 8.61843 2.38166 0.924711 3.96313 0.889004 0.113041 1.06308  2048 2048 507 0 0 94.4057 4.52498 59.9858 17.6776 57.5298 1.83691
2.74117 14.5885 1.54424 4.79324 0.454176 0.497757 1.26786 8.41609 -0.41467 8.61843 2.38166 0.399792 12.3466 0.889004 1.07633 1.06308  2048 2048 364 0 0 77.7521 2.68356 59.9855 9.0309 0.312012 0.163086
2.74117 14.5885 1.54424 4.79324 0.454176 0.497757 1.26786 7.22587 -0.495376 8.61843 2.38166 0.399792 3.98206 0.889004 0.113041 1.06308  2048 2048 379 0 0 79.5358 2.72062 59.9855 9.26283 0.0185547 0.0136719
2.74117 14.5885 1.54424 4.79324 0.454176 0.497757 1.26786 9.87182 -0.495376 8.61843 2.38166 3.96313 5.22721 0.889004 0.113041 1.06308  2048 2048 381 0 0 79.4192 2.84557 59.9855 9.38263 0.0410156 0.0874023
2.74117 14.5885 1.54424 4.79324 0.454176 0.497757 1.28666 7.54936 -0.41467 8.61843 2.38166 0.399792 3.96313 0.9064 0.113041 1.06308  2048 2048 379 0 0 79.6859 2.70511 59.9855 9.27281 0.0195313 0.0151367
2.74117 14.5885 1.54424 4.79324 0.454176 0.497757 1.26786 9.87182 -0.495376 8.61843 2.38166 0.399792 4.53627 0.552812 0.113041 1.06308  2048 2048 379 0 0 79.2358 2.63331 59.9855 9.23837 0.0234375 0.0234375
2.74117 14.5885 1.54424 4.79324 0.454176 0.497757 1.87786 7.22587 -0.495376 8.61843 2.38166 0.399792 3.96313 0.889004 0.113041 1.06308  2048 2048 381 0 0 79.3858 2.68215 59.9855 9.22052 0.0302734 0.0263672
2.74117 14.5885 1.54424 4.79324 0.454176 0.497757 1.26786 7.54936 -0.41467 8.61843 2.38166 0.399792 3.96313 0.889004 0.113041 1.26182  2048 2048 378 0 0 79.6359 2.75877 59.9855 9.26555 0.0205078 0.0146484
2.74117 14.5885 1.54424 4.79324 0.454176 0.497757 1.28666 7.54936 -0.495376 8.61843 2.38166 0.924711 3.96313 0.889004 0.113041 1.06308  2048 2048 378 0 0 79.6359 2.64529 59.9855 9.24117 0.0175781 0.0141602
2.74117 14.5885 1.54424 4.79324 0.454176 0.497757 1.26786 7.22587 -0.495376 8.61843 2.38166 0.399792 3.96313 0.9064 0.113041 1.26182  2048 2048 378 0 0 79.6525 2.80472 59.9855 9.24996 0.0185547 0.0146484
2.74117 14.5885 1.54424 4.79324 0.454176 0.497757 1.26786 8.41609 -0.41467 8.61843 2.38166 3.96313 9.58525 0.9064 0.113041 1.26182  2048 2048 378 0 0 79.0691 2.76379 59.9855 9.15563 0.126953 0.0444336
2.74117 14.5885 1.54424 4.79324 0.454176 0.497757 1.26786 8.41609 -0.41467 8.61843 2.38166 0.399792 2.57576 0.889004 0.113041 1.06308  2048 2048 383 0 0 80.086 2.69787 59.9855 9.34158 0.0253906 0.0341797
2.74117 14.5885 1.54424 4.79324 0.454176 0.497757 1.26786 1.67821 -0.41467 8.61843 2.38166 0.399792 3.96313 0.889004 0.113041 1.06308  2048 2048 383 0 0 80.3527 3.26339 59.9855 10.4436 0.0820313 0.0722656
2.74117 14.5885 1.54424 4.79324 0.454176 0.497757 1.28666 7.54936 -0.495376 8.61843 2.38166 0.399792 16.0497 0.9064 0.113041 1.06308  2048 2048 369 0 0 78.1189 2.99846 59.9855 9.02376 0.269531 0.0722656
2.74117 14.5885 1.54424 4.79324 0.454176 0.497757 1.28666 8.41609 -0.41467 8.61843 2.38166 0.399792 3.96313 0.9064 0.113041 1.06308  2048 2048 379 0 0 79.2858 2.71092 59.9855 9.25127 0.0175781 0.0146484
2.74117 14.5885 4.79324 12.7885 0.454176 0.497757 1.26786 7.22587 -0.41467 8.61843 2.38166 0.399792 3.96313 0.889004 1.66961 1.06308  2048 2048 368 0 0 78.1189 3.19148 59.9855 9.329 1.09473 2.26758
2.74117 14.5885 1.54424 4.79324 0.454176 0.497757 1.26786 7.22587 -0.495376 8.61843 2.38166 0.924711 3.96313 0.889004 0.113041 0.8146  2048 2048 379 0 0 79.5358 3.01963 59.9855 9.2675 0.0195313 0.0131836
2.74117 14.5885 1.54424 4.79324 0.454176 0.497757 1.28666 7.22587 -0.495376 7.88049 2.38166 0.924711 3.96313 0.889004 0.113041 1.06308  2048 2048 377 0 0 79.0024 2.73554 59.9855 9.17173 0.0273438 0.0517578
2.74117 14.5885 1.54424 4.79324 0.454176 0.497757 1.51579 8.41609 -0.41467 8.61843 2.38166 0.924711 5.29435 0.9064 0.113041 1.26182  2048 2048 378 0 0 79.0691 2.79771 59.9855 9.1429 0.0458984 0.0126953
2.74117 14.5885 1.54424 4.79324 0.454176 0.497757 0.375256 7.54936 -0.495376 8.61843 2.38166 0.399792 4.53627 0.889004 0.113041 0.344066  2048 2048 377 0 0 80.8361 2.75858 59.9856 9.41922 0.0458984 0.0112305
