100
3.03995 15.4979 5.73626 7.28904 3.04117 6.43635 0.938994 0.254341 1.3513 0.924711 3.96313 1.89917 0.500381 1.47679  2048 2048 390 0 0 80.3027 2.71959 59.9855 10.5026 0.136719 0.0483398
3.03995 15.4979 5.73626 7.28904 3.04117 6.43635 0.763451 0.254341 1.3513 0.924711 3.96313 1.89917 0.500381 1.26182  2048 2048 390 0 0 80.486 2.8448 59.9856 10.5598 0.147461 0.0361328
3.03995 15.4979 5.73626 7.28904 3.04117 6.43635 0.757653 0.254341 1.3513 0.924711 3.96313 1.89917 0.567034 1.26182  2048 2048 390 0 0 80.5027 2.75091 59.9856 10.5583 0.146484 0.0366211
3.03995 15.4979 5.73626 7.28904 3.04117 6.43635 0.763451 0.254341 1.3513 0.924711 3.96313 1.89917 0.500381 1.26182  2048 2048 390 0 0 80.436 2.77961 59.9856 10.5594 0.148926 0.0375977
3.03995 15.4979 5.73626 7.28904 3.04117 6.43635 0.938994 0.254341 1.67949 0.924711 3.96313 1.89917 0.500381 1.47679  2048 2048 390 0 0 80.2527 2.76933 59.9855 10.465 0.117188 0.0786133
3.03995 15.4979 5.73626 7.28904 3.04117 6.43635 0.938994 0.254341 1.3513 0.924711 3.96313 1.89917 0.567034 1.26182  2048 2048 390 0 0 80.3193 2.78362 59.9855 10.5141 0.140137 0.0537109
3.03995 15.4979 5.73626 7.28904 3.04117 6.43635 0.757653 0.254341 1.67949 0.924711 3.96313 1.89917 0.500381 1.26182  2048 2048 390 0 0 80.3027 2.79327 59.9855 10.522 0.140137 0.0546875
3.03995 15.4979 5.73626 7.28904 3.04117 6.43635 0.763451 0.254341 1.67949 0.924711 3.96313 1.89917 0.500381 1.26182  2048 2048 390 0 0 80.4194 2.80191 59.9856 10.5202 0.134766 0.0551758
3.03995 15.4979 5.73626 7.28904 3.04117 6.43635 0.757653 0.254341 1.67949 0.924711 3.96313 1.89917 0.567034 1.26182  2048 2048 390 0 0 80.3193 2.79511 59.9855 10.5191 0.13916 0.0561523
3.03995 15.4979 5.73626 7.28904 3.04117 6.43635 0.757653 0.254341 1.3513 0.924711 3.96313 1.89917 0.500381 1.26182  2048 2048 390 0 0 80.486 2.76445 59.9856 10.5612 0.152344 0.0356445
3.03995 15.4979 5.73626 7.28904 3.04117 6.43635 0.763451 0.254341 1.3513 0.924711 3.96313 1.89917 0.567034 1.26182  2048 2048 390 0 0 80.5194 2.79868 59.9856 10.5575 0.163574 0.0375977
1.79144 15.4979 5.73626 7.28904 3.04117 6.43635 0.763451 1.23154 1.11203 2.66732 3.96313 1.89917 0.500381 1.26182  2048 2048 368 0 0 78.7857 2.68499 59.9855 10.1882 4.5083 0
3.03995 15.4979 5.73626 7.28904 3.04117 6.43635 0.757653 1.96423 1.67949 0.924711 3.96313 1.89917 0.500381 0.468825  2048 2048 391 0 0 79.8692 2.74407 59.9855 10.4217 0.311523 0.716309
3.03995 15.4979 5.73626 7.28904 3.04117 6.43635 0.763451 0.254341 1.67949 0.924711 3.96313 1.89917 0.500381 1.26182  2048 2048 390 0 0 80.4194 2.82398 59.9856 10.52 0.13623 0.0551758
3.03995 15.4979 5.73626 7.28904 3.04117 6.43635 0.938994 0.254341 1.3513 0.924711 3.96313 1.89917 0.567034 1.47679  2048 2048 390 0 0 80.4194 2.76989 59.9856 10.5011 0.146484 0.0463867
3.03995 15.4979 5.73626 7.28904 3.04117 6.43635 0.757653 0.254341 1.3513 0.924711 3.96313 1.89917 0.567034 1.26182  2048 2048 390 0 0 80.5027 2.81683 59.9856 10.5584 0.167969 0.0375977
3.03995 15.4979 5.73626 7.28904 3.04117 6.43635 0.757653 0.254341 1.3513 0.924711 3.96313 1.89917 0.567034 1.26182  2048 2048 390 0 0 80.5027 2.7667 59.9856 10.5589 0.150879 0.0361328
3.03995 6.80074 5.73626 7.28904 3.04117 6.43635 0.757653 0.254341 1.67949 0.924711 3.96313 1.89917 0.567034 1.26182  2048 2048 374 0 0 79.2524 2.75295 59.9855 10.227 2.26172 0
3.03995 15.4979 5.73626 7.28904 3.04117 6.43635 0.938994 0.254341 1.67949 0.924711 3.96313 1.89917 0.500381 1.26182  2048 2048 391 0 0 80.3027 2.76898 59.9855 10.4773 0.121582 0.0854492
3.03995 15.4979 5.73626 7.28904 3.04117 6.43635 0.757653 0.254341 1.34947 0.924711 3.96313 1.89917 0.500381 1.26182  2048 2048 390 0 0 80.486 2.78455 59.9856 10.5614 0.15625 0.0361328
3.03995 15.4979 5.73626 7.28904 3.04117 6.43635 0.938994 0.254341 1.3513 0.924711 3.96313 1.89917 0.500381 1.26182  2048 2048 390 0 0 80.3193 2.83518 59.9855 10.5173 0.153809 0.0551758
3.03995 15.4979 5.73626 7.28904 3.04117 6.43635 0.757653 0.254341 1.3513 0.924711 3.96313 1.89917 0.500381 1.26182  2048 2048 390 0 0 80.4527 2.82813 59.9856 10.5604 0.151367 0.0366211
3.03995 15.4979 5.73626 7.28904 3.04117 6.43635 0.757653 0.254341 1.3513 0.924711 3.96313 1.89917 0.500381 1.47484  2048 2048 390 0 0 80.486 2.81205 59.9856 10.5447 0.17334 0.0351563
3.03995 15.4979 5.73626 7.28904 3.04117 6.43635 0.763451 0.254341 1.67949 0.924711 3.96313 1.89917 0.500381 1.47679  2048 2048 390 0 0 80.3527 2.81335 59.9855 10.5042 0.146973 0.0537109
3.03995 15.4979 5.73626 7.28904 3.04117 6.43635 0.757653 0.254341 1.67949 0.924711 3.96313 1.89917 0.567034 1.34806  2048 2048 390 0 0 80.3193 2.78867 59.9855 10.5122 0.155273 0.0546875
3.03995 15.4979 5.73626 2.837 3.04117 6.43635 0.938994 0.254341 1.3513 0.924711 6.23798 1.89917 0.500381 1.47679  2048 2048 383 0 0 79.3525 2.88099 59.9855 10.3225 0.372559 1.43066
3.03995 15.4979 5.73626 7.28904 3.04117 6.43635 0.757653 0.254341 1.67949 0.924711 3.96313 1.89917 0.567034 1.26182  2048 2048 390 0 0 80.3193 2.74435 59.9855 10.5184 0.149902 0.0571289
3.03995 15.4979 5.73626 7.28904 3.04117 6.43635 0.757653 0.254341 1.67949 0.924711 3.96313 1.89917 0.567034 1.26182  2048 2048 390 0 0 80.3193 2.80163 59.9855 10.5189 0.138184 0.0561523
3.03995 15.4979 5.73626 7.28904 3.04117 6.43635 0.938994 0.254341 1.3513 0.924711 3.96313 1.89917 0.500381 1.26182  2048 2048 390 0 0 80.3193 2.80996 59.9855 10.5173 0.160156 0.0556641
3.03995 15.4979 5.73626 7.28904 3.04117 6.43635 0.763451 0.248115 1.67949 0.924711 3.96313 1.89917 0.500381 1.26182  2048 2048 390 0 0 80.4194 2.85785 59.9856 10.5219 0.150391 0.0551758
3.03995 15.4979 5.73626 7.28904 3.04117 6.43635 0.938994 0.382153 1.3513 0.924711 3.96313 1.89917 0.500381 1.47679  2048 2048 390 0 0 80.3027 2.76503 59.9855 10.4736 0.131836 0.074707
3.03995 15.4979 5.73626 7.28904 3.04117 6.43635 0.757653 1.0842 1.3513 0.924711 3.96313 1.89917 0.500381 1.26182  2048 2048 391 0 0 80.1026 2.91311 59.9855 10.4093 0.142578 0.256348
3.03995 15.4979 5.73626 7.28904 3.04117 6.43635 0.757653 0.254341 1.3513 0.924711 3.96313 1.89917 0.500381 1.26182  2048 2048 390 0 0 80.4527 2.80176 59.9856 10.5616 0.154297 0.0361328
3.03995 15.4979 5.73626 7.28904 3.04117 6.43635 0.938994 0.254341 1.67949 0.924711 1.24516 1.89917 0.500381 1.47679  2048 2048 393 0 0 80.7694 2.88899 59.9856 10.6579 0.213867 0.237305
3.03995 15.4979 5.73626 7.28904 3.04117 6.43635 0.938994 0.254341 1.3513 1.93121 3.96313 1.89917 0.500381 1.47679  2048 2048 390 0 0 80.4527 2.7848 59.9856 10.6345 0.245117 0.253906
3.03995 15.4979 5.73626 7.28904 6.43635 40.0754 0.757653 1.60845 1.67949 0.924711 3.96313 1.89917 0.500381 1.47679  2048 2048 396 0 0 82.8532 3.74077 59.9856 13.6212 12.8242 4.02783
3.03995 15.4979 5.36851 7.28904 3.04117 6.43635 0.763451 0.254341 1.3513 0.924711 3.96313 1.89917 0.500381 1.26182  2048 2048 390 0 0 80.4527 2.74737 59.9856 10.5086 0.113281 0.111328
3.03995 15.4979 5.73626 7.28904 3.04117 6.43635 0.757653 0.254341 1.67949 0.924711 3.96313 1.89917 0.500381 1.26182  2048 2048 390 0 0 80.4194 2.93018 59.9856 10.5214 0.141602 0.0551758
6.90756 15.4979 5.73626 7.28904 3.04117 6.43635 0.763451 0.254341 1.3513 0.924711 3.96313 1.89917 0.500381 1.26182  2048 2048 1004 1267 0 118.411 3.39658 59.9861 11.2004 13.3374 3.40381
3.03995 15.4979 5.73626 7.28904 6.43635 29.2734 0.757653 0.254341 1.67949 0.924711 3.96313 1.89917 0.567034 1.26182  2048 2048 396 0 0 80.436 3.21489 59.9856 11.5513 7.32324 3.75146
3.03995 15.4979 5.73626 10.914 3.04117 6.43635 0.757653 0.254341 1.67949 3.96313 7.05527 1.89917 0.567034 1.26182  2048 2048 391 0 0 80.1526 2.81504 59.9855 10.6026 1.26904 0
3.03995 14.6287 5.73626 7.28904 3.04117 6.43635 0.757653 0.254341 1.67949 0.924711 3.96313 1.89917 0.567034 1.26182  2048 2048 390 0 0 80.3527 2.809 59.9855 10.4877 0.191406 0.0336914
3.03995 15.4979 5.73626 7.28904 3.04117 6.43635 0.757653 0.725059 1.67949 0.924711 3.96313 1.89917 0.567034 1.26182  2048 2048 391 0 0 80.1526 2.72731 59.9855 10.4203 0.118652 0.19873
3.03995 15.4979 7.43095 7.28904 3.04117 6.43635 0.763451 0.254341 1.3513 0.924711 3.96313 1.89917 0.500381 1.26182  2048 2044 391 0 0 409.611 6.52927 59.9856 11.2002 0.824707 0
3.03995 15.4979 5.73626 7.28904 3.04117 6.43635 0.757653 0.254341 1.3513 0.924711 12.0243 1.89917 0.500381 1.26182  2048 2048 378 0 0 79.1191 2.80619 59.9855 10.2716 0.518555 0.105957
3.03995 15.4979 5.73626 7.28904 3.04117 6.43635 0.0668966 0.254341 1.3513 0.924711 3.96313 1.89917 0.500381 1.92114  2048 2048 386 0 0 81.8363 2.84789 59.9856 11.0082 0.350586 0.0078125
3.01065 15.4979 5.73626 16.4196 3.04117 6.43635 0.763451 0.254341 1.3513 0.924711 3.96313 1.89917 0.500381 1.26182  2048 2048 390 0 0 85.1037 3.08351 59.9856 11.7516 7.04053 0
3.03995 15.4979 5.73626 7.28904 3.04117 6.43635 0.938994 0.254341 1.3513 0.924711 17.3095 1.89917 0.500381 1.26182  2048 2048 373 0 0 78.869 2.70685 59.9855 10.184 0.563965 0.343262
3.03995 15.4979 5.73626 17.7398 3.04117 6.43635 0.757653 0.254341 1.3513 0.924711 3.96313 1.89917 0.567034 1.26182  2048 2048 393 0 0 88.0043 3.21039 59.9857 12.7913 18.2539 0
3.03995 15.4979 5.73626 7.28904 3.04117 6.43635 0.763451 0.254341 0.290963 0.924711 3.96313 1.89917 0.500381 1.26182  2048 2048 387 0 0 82.7699 2.9219 59.9856 10.8288 0.26123 0.00585938
8.42891 15.4979 5.73626 7.28904 3.04117 6.43635 0.938994 0.254341 1.3513 0.924711 3.96313 1.89917 0.567034 1.26182  2048 2048 1054 1375 0 127.796 3.30129 59.9862 10.1323 13.1436 3.58203
3.03995 15.4979 5.73626 7.28904 3.04117 6.43635 0.763451 0.254341 1.3513 0.924711 3.96313 1.89917 0.567034 1.26182  2048 2048 390 0 0 80.5027 2.84732 59.9856 10.5572 0.15332 0.0371094
3.03995 15.4979 5.73626 7.28904 3.04117 6.43635 0.938994 0.254341 1.67949 0.924711 3.96313 1.89917 0.500381 1.26182  2048 2048 391 0 0 80.3027 2.78877 59.9855 10.4766 0.116699 0.0839844
3.03995 8.8876 5.73626 7.28904 3.04117 6.43635 0.757653 0.254341 1.67949 0.924711 3.96313 1.89917 0.567034 1.26182  2048 2048 382 0 0 79.5525 2.77548 59.9855 10.2867 1.14014 0
3.03995 15.4979 5.73626 7.28904 3.04117 6.43635 0.938994 0.254341 0.306162 0.924711 3.96313 1.89917 0.500381 1.26182  2048 2048 387 0 0 82.3031 2.81437 59.9856 10.749 0.237793 0.0102539
3.03995 15.4979 5.73626 7.28904 6.43635 42.378 0.757653 0.254341 1.67949 0.924711 3.96313 1.89917 0.500381 1.26182  2048 2048 399 0 0 81.0195 3.48022 59.9856 12.4269 9.37598 3.91992
3.03995 15.4979 5.73626 7.28904 3.04117 6.43635 0.256783 0.254341 1.67949 0.924711 3.96313 1.89917 0.500381 1.26182  2048 2048 389 0 0 81.1362 2.86075 59.9856 10.751 0.266602 0.0180664
3.03995 15.4979 5.73626 7.28904 3.04117 6.43635 0.757653 0.254341 1.3513 0.924711 3.96313 1.17142 0.567034 1.26182  2048 2048 391 0 0 80.7028 2.79699 59.9856 10.6092 0.153809 0.0600586
3.03995 15.4979 5.73626 7.28904 3.04117 6.43635 0.757653 0.254341 0.900052 0.924711 3.96313 1.89917 0.567034 1.26182  2048 2048 388 0 0 81.4196 2.83562 59.9856 10.6352 0.205078 0.0180664
3.03995 15.4979 5.73626 7.28904 3.04117 6.43635 0.763451 0.254341 1.3513 0.924711 3.96313 1.22489 0.500381 1.26182  2048 2048 391 0 0 80.7028 2.90775 59.9856 10.6077 0.152832 0.059082
3.03995 2.38533 5.73626 7.28904 3.04117 6.43635 0.757653 0.254341 1.67949 0.924711 3.96313 1.89917 0.567034 1.26182  2048 2048 364 0 0 78.7023 2.64371 59.9855 10.1584 12.4033 0
3.03995 15.4979 5.73626 7.28904 3.04117 6.43635 0.757653 0.254341 1.67949 0.924711 3.96313 1.89917 0.500381 1.26182  2048 2048 390 0 0 80.4194 3.21901 59.9856 10.5217 0.141113 0.0551758
3.03995 15.4979 5.73626 7.28904 3.04117 6.43635 1.05417 0.254341 1.3513 0.924711 3.96313 1.89917 0.500381 1.26182  2048 2048 390 0 0 80.3694 2.75164 59.9855 10.4949 0.123535 0.065918
3.03995 15.4979 5.73626 7.28904 3.04117 6.43635 0.757653 0.254341 0.484207 0.924711 3.96313 1.89917 0.500381 1.26182  2048 2048 387 0 0 81.2862 2.80545 59.9856 10.7527 0.211426 0.0102539
3.03995 15.4979 5.73626 19.4531 3.04117 6.43635 0.757653 0.254341 1.67949 0.924711 3.96313 1.89917 0.567034 1.26182  2048 2048 393 0 0 87.6042 3.25216 59.9857 13.1436 21.4277 0
3.03995 15.4979 5.73626 7.28904 3.04117 6.43635 0.938994 0.254341 1.3513 0.924711 3.96313 1.89917 0.500381 1.50475  2048 2048 390 0 0 80.3193 3.34534 59.9855 10.5014 0.14502 0.0483398
3.03995 15.4979 5.73626 7.28904 3.04117 6.43635 0.763451 0.0413221 1.3513 0.924711 3.96313 1.89917 0.500381 1.26182  2048 2048 390 0 0 81.2862 2.72115 59.9856 10.659 0.184082 0.0126953
3.03995 15.4979 5.73626 7.28904 3.04117 6.43635 0.938994 0.254341 1.67949 0.376598 0.924711 1.89917 0.500381 1.47679  2048 2048 393 0 0 81.2862 2.97095 59.9856 11.0041 0.272949 0.957031
3.03995 15.4979 5.73626 7.28904 3.04117 6.43635 0.757653 0.254341 1.3513 0.924711 3.96313 1.85833 0.500381 1.26182  2048 2048 390 0 0 80.486 2.83146 59.9856 10.5644 0.151367 0.0366211
3.03995 15.4979 5.73626 7.28904 3.04117 6.43635 0.763451 0.254341 1.67949 0.924711 3.96313 1.89917 0.567034 1.26182  2048 2048 390 0 0 80.3027 2.8078 59.9855 10.5165 0.161621 0.0581055
3.03995 15.4979 5.73626 7.28904 3.04117 6.43635 0.757653 0.254341 1.64165 0.924711 3.96313 1.89917 0.500381 1.47679  2048 2048 390 0 0 80.3527 2.78108 59.9855 10.509 0.157227 0.0488281
3.03995 15.4979 9.23795 7.28904 3.04117 46.7391 0.757653 0.254341 1.3513 0.924711 3.96313 1.89917 0.500381 1.26182  2048 2048 395 0 0 80.5194 3.3505 59.9856 12.0495 7.02734 3.5415
3.03995 15.4979 5.73626 7.28904 3.04117 6.43635 0.938994 0.254341 0.260933 0.924711 3.96313 1.89917 0.567034 1.26182  2048 2048 387 0 0 82.5698 2.83328 59.9856 10.7686 0.314941 0.00927734
3.03995 15.4979 5.73626 7.28904 3.04117 6.43635 0.757653 0.254341 1.3513 0.924711 3.96313 1.89917 0.500381 1.26182  2048 2048 390 0 0 80.4527 2.68636 59.9856 10.5612 0.152832 0.0361328
3.03995 15.4979 5.73626 7.28904 3.04117 6.43635 0.757653 0.254341 1.3513 0.924711 3.96313 1.64006 0.567034 1.26182  2048 2048 390 0 0 80.5361 2.7547 59.9856 10.5778 0.155762 0.0424805
3.03995 15.7451 5.73626 7.28904 3.04117 6.43635 0.763451 0.254341 0.95468 0.924711 3.96313 1.89917 0.500381 1.26182  2048 2048 389 0 0 81.0528 2.73152 59.9856 10.6345 0.145508 0.027832
3.03995 15.4979 5.73626 7.28904 3.04117 40.7987 0.757653 0.254341 1.67949 0.924711 3.96313 1.89917 0.567034 1.26182  2048 2048 397 0 0 80.7694 4.16384 59.9856 12.3178 8.59863 3.86084
3.03995 15.4979 5.73626 7.28904 6.12201 6.43635 0.757653 0.254341 1.67949 0.924711 3.96313 1.89917 0.500381 1.26182  2048 2048 386 0 0 87.1875 3.21831 59.9857 12.7233 6.87988 0.686523
3.03995 15.4979 5.73626 7.28904 3.04117 6.43635 0.763451 0.254341 0.144536 0.924711 3.96313 1.89917 0.500381 1.26182  2048 2048 385 0 0 82.5865 2.96482 59.9856 10.9046 0.310547 0.00830078
3.03995 15.4979 5.73626 7.28904 3.04117 6.43635 0.938994 0.254341 1.67949 0.924711 3.96313 1.89917 0.567034 1.47679  2048 2048 390 0 0 80.186 2.74546 59.9855 10.4635 0.119141 0.0776367
3.03995 15.4979 5.73626 7.28904 6.43635 11.5726 0.757653 0.254341 1.3513 0.924711 3.96313 1.89917 0.567034 1.26182  2048 2048 389 0 0 79.8192 2.91493 59.9855 10.3756 0.512207 1.11621
3.03995 15.4979 5.73626 7.28904 6.43635 31.5561 0.938994 0.254341 1.3513 0.924711 3.96313 1.89917 0.500381 1.26182  2048 2048 396 0 0 80.6194 3.16723 59.9856 12.0277 8.20605 3.79883
3.03995 15.4979 5.73626 7.28904 3.04117 6.43635 0.757653 0.254341 1.67949 0.924711 3.96313 1.89917 0.500381 1.47679  2048 2048 390 0 0 80.3193 2.83589 59.9855 10.5049 0.158691 0.0541992
3.03995 15.4979 5.73626 7.28904 3.04117 6.43635 0.938994 0.254341 1.67949 0.924711 3.96313 1.89917 0.856838 1.47679  2048 2048 390 0 0 80.3027 2.74799 59.9855 10.4583 0.164063 0.0742188
3.03995 15.4979 5.73626 7.28904 6.43635 41.5937 0.938994 0.254341 1.3513 0.924711 3.96313 1.89917 0.567034 1.26182  2048 2048 397 0 0 80.8861 3.38649 59.9856 12.5216 9.69385 3.90869
3.03995 15.4979 5.73626 7.28904 3.04117 6.43635 0.757653 0.254341 1.67949 3.96313 18.9874 1.89917 0.567034 1.26182  2048 2048 377 0 0 79.4525 2.77116 59.9855 10.3781 0.530273 1.35693
3.03995 13.4788 5.73626 7.28904 3.04117 6.43635 0.763451 0.254341 1.3513 0.924711 3.96313 1.89917 0.500381 1.26182  2048 2048 389 0 0 80.5694 2.80836 59.9856 10.4796 0.35791 0.0107422
3.03995 12.2336 5.73626 16.8975 3.04117 6.43635 0.763451 0.254341 1.67949 0.924711 3.96313 1.89917 1.96936 1.47679  2048 2048 389 0 0 82.6198 2.90498 59.9856 11.064 7.62744 0
3.03995 15.4979 5.73626 7.28904 3.04117 6.43635 0.938994 0.254341 1.36656 0.924711 3.96313 1.89917 0.567034 1.47679  2048 2048 390 0 0 80.3694 2.79157 59.9855 10.4988 0.149414 0.0493164
3.03995 15.4979 5.73626 7.28904 6.43635 40.0571 0.763451 0.254341 1.3513 0.924711 3.96313 1.89917 0.500381 1.26182  2048 2048 397 0 0 80.7028 3.11627 59.9856 12.1548 8.54297 3.85254
4.42152 13.8939 6.14215 1.55217 38.0688 38.4487 0.454848 1.87017 0.96469 7.72546 11.4292 0.741539 1.2092 0.837611  2048 2048 626 276 0 103.358 3.9886 59.9859 17.615 14.6274 42.1411
6.96127 8.06116 0.694601 19.9414 3.40434 44.5402 0.0473647 0.393384 0.677877 5.97858 12.9386 0.509049 1.94147 0.448439  2048 2048 1322 1155 0 169.969 8.41212 59.9932 31.946 181.406 154.037
7.004 14.6629 2.36976 9.23124 18.4881 22.6081 1.60338 1.7857 0.271798 1.92877 6.50594 1.95868 1.19761 1.73058  2048 2048 1161 1352 0 142.509 4.66456 59.9891 16.4209 34.8218 69.1245
4.03485 2.77291 2.95419 0.0671407 2.46895 39.3994 0.566973 0.278512 1.23362 6.68538 7.55394 0.443861 1.15928 1.78649  2048 747 9406 46 0 409.611 47.6195 60.0057 61.3329 684.943 88.9663
1.18137 9.3881 2.68715 0.357677 8.82595 35.4732 1.14689 0.436659 1.17356 5.72161 12.8361 1.10703 1.53014 1.48961  2048 384 12733 170 0 409.611 45.5122 59.952 18.9374 38.7036 3.83496
4.95254 1.5363 6.27705 4.09741 20.8075 46.6903 0.622028 0.106265 1.37724 5.40361 6.80929 0.696616 0.355785 0.203742  2048 2048 423 0 0 119.078 9.01239 59.9861 48.1929 924.863 40.9229
6.75375 13.361 8.01904 16.2084 20.3467 40.8933 0.348338 1.32615 0.284982 6.77938 8.24732 0.5356 0.206061 1.97919  2048 2041 1492 1574 0 409.611 11.839 60.0028 34.8482 106.911 113.018
8.81222 17.3705 4.72335 16.1388 16.7592 37.1731 0.542985 1.46617 1.5974 10.9024 19.7729 0.273568 0.315928 0.934172  2048 2048 1043 1208 0 131.129 4.96156 59.9868 18.5806 89.3765 84.731
6.38112 13.6216 8.30744 4.11023 6.54317 7.1337 0.865383 0.0390027 0.178228 5.48418 5.76128 1.29655 1.56786 0.674947  2048 2048 909 1019 0 129.596 3.67377 59.9865 12.7762 5.58203 52.2744
0.934782 3.61034 5.39293 0.961943 2.64443 46.5987 1.72485 1.89508 1.11783 8.02698 10.2762 1.49791 0.701926 0.0954619  2048 308 13078 287 0 409.611 38.5672 60.0009 6.75544 37.0039 0.5
