200 2
2.74117 14.5885 1.54424 4.79324 0.254158 0.497757 0.92465 8.62941 -0.118076 8.86135 2.38166 0.399792 4.944 0.549089 0.113041 0.392468  2048 2048 379 0 0 80.9862 0.883559 59.9856 9.8852 0.0195313 0.019043
2.74117 14.5885 1.54424 4.79324 0.378979 0.256661 1.72674 8.62941 -0.118076 8.86135 2.38166 0.399792 4.944 0.658589 0.113041 0.392468  2048 2048 381 0 0 80.236 0.88197 59.9855 9.86065 0.0214844 0.0170898
2.74117 14.5885 1.54424 4.79324 0.254158 0.497757 0.92465 8.62941 -0.118076 8.86135 2.38166 0.399792 4.944 0.549089 0.113041 0.499283  2048 2048 379 0 0 80.9361 0.890534 59.9856 9.87957 0.0214844 0.0170898
2.74117 14.5885 1.54424 4.79324 0.254158 0.497757 0.92465 8.62941 -0.118076 8.86135 2.38166 0.399792 4.944 0.549089 0.113041 0.359203  2048 2048 379 0 0 80.9862 0.908312 59.9856 9.88807 0.0214844 0.019043
2.74117 14.5885 1.54424 4.79324 0.254158 0.497757 0.92465 8.62941 -0.118076 8.57021 2.38166 0.399792 4.944 0.549089 0.113041 0.392468  2048 2048 379 0 0 80.3694 0.882675 59.9855 9.82198 0.0205078 0.0263672
2.74117 14.5885 1.54424 4.79324 0.509903 0.256661 0.92465 8.62941 -0.118076 8.57021 2.38166 0.399792 4.53627 0.658589 0.113041 0.359203  2048 2048 379 0 0 80.4194 0.881084 59.9856 9.83309 0.0224609 0.0219727
2.74117 14.5885 1.54424 4.79324 0.254158 0.497757 0.92465 8.62941 -0.118076 8.97122 2.38166 0.399792 4.944 0.549089 0.113041 0.392468  2048 2048 379 0 0 81.3696 0.891997 59.9856 9.91591 0.0224609 0.019043
2.74117 14.5885 1.54424 4.79324 0.254158 0.256661 1.72674 8.62941 -0.118076 8.57021 2.38166 0.399792 4.53627 0.658589 0.113041 0.392468  2048 2048 379 0 0 80.2027 0.907463 59.9855 9.82756 0.0244141 0.019043
2.74117 14.5885 1.54424 4.79324 0.668966 0.256661 0.771569 8.62941 -0.118076 8.57021 2.38166 0.399792 4.944 0.520218 0.113041 0.344981  2048 2048 379 0 0 80.3193 0.896892 59.9855 9.82997 0.0224609 0.0253906
2.74117 14.5885 1.54424 4.79324 0.378979 0.256661 1.72674 8.62941 -0.118076 8.57021 2.38166 0.399792 4.944 0.549089 0.113041 1.15244  2048 2048 379 0 0 79.7692 0.883757 59.9855 9.77016 0.0253906 0.0224609
2.74117 14.6654 1.54424 4.79324 0.254158 0.497757 0.92465 8.62941 -0.118076 8.57021 2.38166 0.399792 4.944 0.549089 0.113041 0.430006  2048 2048 379 0 0 80.3527 0.87917 59.9855 9.8235 0.0234375 0.0253906
2.74117 14.5885 0.365001 5.54704 0.378979 0.256661 0.771569 8.62941 -0.118076 8.57021 2.38166 0.399792 4.944 0.549089 0.113041 1.15244  2048 2048 378 0 0 80.3527 0.90639 59.9855 9.77481 0.0263672 0.0205078
2.74117 14.5885 1.54424 4.79324 0.254158 0.497757 0.92465 8.62941 -0.118076 8.57021 2.38166 0.399792 4.944 0.520218 0.113041 0.344981  2048 2048 379 0 0 80.5194 0.885252 59.9856 9.82812 0.0234375 0.0258789
2.74117 14.5885 1.54424 4.79324 0.378979 0.256661 1.72674 8.62941 -0.118076 8.57021 2.38166 0.399792 4.944 0.658589 0.113041 0.430006  2048 2048 379 0 0 80.0026 0.883295 59.9855 9.7958 0.0263672 0.0205078
2.74117 14.5885 1.54424 4.79324 0.668966 0.256661 0.92465 8.62941 -0.118076 8.86135 2.38166 0.399792 4.944 0.549089 0.113041 1.15244  2048 2048 379 0 0 80.2527 0.889587 59.9855 9.83217 0.0283203 0.0141602
2.74117 14.5885 1.54424 4.79324 0.509903 0.256661 0.92465 8.62941 -0.118076 8.57021 2.38166 0.399792 4.944 0.549089 0.113041 0.359203  2048 2048 379 0 0 80.3027 0.901656 59.9855 9.82857 0.0253906 0.0219727
2.74117 14.5885 1.54424 4.79324 0.254158 0.497757 0.771569 8.62941 -0.118076 8.86135 2.38166 0.399792 4.944 0.549089 0.113041 0.392468  2048 2048 379 0 0 81.5029 0.893725 59.9856 9.89667 0.0273438 0.0151367
2.74117 14.5885 1.54424 4.79324 0.254158 0.497757 0.92465 8.62941 -0.118076 8.57021 2.38166 0.399792 4.944 0.549089 0.113041 0.359203  2048 2048 379 0 0 80.4194 0.876152 59.9856 9.82402 0.0244141 0.0263672
2.74117 14.5885 1.54424 4.79324 0.254158 0.497757 0.92465 8.62941 -0.118076 8.86135 2.38166 0.399792 4.944 0.549089 0.113041 0.0374767  2048 2048 379 0 0 81.1362 0.902547 59.9856 9.91102 0.0244141 0.0224609
2.74117 14.5885 1.54424 5.54704 0.318979 0.256661 0.92465 8.62941 -0.118076 8.57021 2.38166 0.399792 4.944 0.549089 0.113041 0.359203  2048 2048 379 0 0 80.3527 0.919879 59.9855 9.80777 0.0263672 0.0229492
2.74117 14.5885 1.54424 4.79324 0.509903 0.256661 0.92465 8.62941 -0.118076 8.86135 2.38166 0.399792 4.944 0.549089 0.113041 0.359203  2048 2048 379 0 0 80.8028 0.887499 59.9856 9.90005 0.0458984 0.0170898
2.74117 14.5885 1.54424 4.79324 0.254158 0.256661 1.72674 8.62941 -0.118076 8.57021 2.38166 0.399792 4.53627 0.658589 0.113041 0.430006  2048 2048 379 0 0 80.186 0.881401 59.9855 9.82465 0.0292969 0.0209961
2.74117 14.5885 1.54424 4.79324 0.378979 0.497757 0.92465 8.62941 -0.118076 8.57021 2.38166 0.399792 4.944 0.520218 0.113041 0.344981  2048 2048 379 0 0 80.3027 0.894155 59.9855 9.82018 0.0400391 0.0317383
2.74117 14.5885 1.54424 4.79324 0.254158 0.497757 0.92465 8.62941 -0.118076 8.57021 2.38166 0.399792 4.53627 0.520218 0.113041 0.344981  2048 2048 379 0 0 80.6361 0.899171 59.9856 9.84566 0.0263672 0.0288086
2.74117 14.5885 0.365001 5.54704 0.378979 0.256661 0.771569 8.62941 0.582782 8.57021 2.38166 0.399792 4.944 0.549089 0.113041 1.15244  2048 2048 1864 7 0 140.976 2.22364 59.9888 26.4884 57.3267 2.12012
2.74117 14.6654 1.54424 4.79324 0.254158 0.497757 0.92465 8.62941 -0.118076 8.97122 2.38166 0.399792 4.944 0.549089 0.113041 0.430006  2048 2048 379 0 0 81.4529 0.887201 59.9856 9.91567 0.0214844 0.019043
2.74117 14.5885 1.54424 4.79324 0.378979 0.256661 1.72674 8.62941 -0.118076 8.57021 2.38166 0.399792 4.944 0.658589 0.113041 0.344981  2048 2048 379 0 0 80.0026 0.881758 59.9855 9.80132 0.0322266 0.0224609
2.74117 14.5885 1.54424 5.54704 0.318979 0.256661 0.92465 8.62941 -0.118076 8.97122 2.38166 0.399792 4.944 0.549089 0.113041 0.359203  2048 2048 379 0 0 81.2029 0.911716 59.9856 9.89408 0.0283203 0.0200195
2.74117 14.5885 1.54424 4.79324 0.378979 0.256661 1.72674 8.62941 -0.118076 8.57021 2.38166 0.399792 4.944 0.658589 0.113041 1.15244  2048 2048 378 0 0 79.9026 0.871243 59.9855 9.75491 0.0742188 0.0200195
2.74117 14.5885 1.54424 4.79324 0.668966 0.256661 0.92465 8.62941 -0.118076 8.86135 2.38166 0.399792 4.53627 0.658589 0.113041 0.392468  2048 2048 379 0 0 80.9862 0.898503 59.9856 9.89227 0.0224609 0.0200195
2.74117 14.5885 1.54424 6.78732 0.254158 0.497757 0.92465 8.62941 -0.118076 8.57021 2.38166 0.399792 4.944 0.549089 0.113041 0.392468  2048 2048 385 0 0 80.1026 0.892523 59.9855 9.79561 0.0283203 0.219727
2.74117 14.5885 0.365001 5.54704 0.378979 0.256661 0.771569 8.62941 -0.118076 8.57021 2.38166 0.399792 4.944 0.549089 0.113041 0.392468  2048 2048 379 0 0 80.6361 0.90891 59.9856 9.8112 0.0341797 0.0239258
2.74117 14.5885 1.54424 4.79324 0.254158 0.497757 0.92465 8.62941 -0.118076 8.57021 2.38166 0.399792 4.53627 0.549089 0.113041 0.359203  2048 2048 379 0 0 80.6194 0.879751 59.9856 9.84053 0.0283203 0.0283203
2.74117 14.5885 1.54424 4.79324 0.254158 0.256661 1.72674 8.62941 -0.118076 8.57021 2.38166 0.399792 4.944 0.520218 0.113041 0.344981  2048 2048 379 0 0 80.186 0.879118 59.9855 9.82699 0.0302734 0.0219727
2.74117 14.5885 1.54424 4.79324 0.378979 0.256661 1.18314 8.62941 -0.118076 8.57021 2.38166 0.399792 4.944 0.549089 0.113041 1.15244  2048 2048 378 0 0 79.8192 0.873462 59.9855 9.77944 0.0263672 0.0166016
2.74117 14.5885 1.54424 4.79324 0.509903 0.256661 0.92465 8.62941 -0.118076 8.57021 2.38166 0.399792 4.944 0.520218 0.113041 0.359203  2048 2048 379 0 0 80.3027 0.893683 59.9855 9.83282 0.0292969 0.0229492
6.45253 14.5885 1.54424 4.79324 0.254158 0.256661 0.771569 8.62941 -0.118076 8.86135 2.38166 0.399792 4.944 0.549089 0.113041 1.15244  2048 897 574 316 0 409.611 16.2882 59.986 6.19442 1.3125 2.22412
2.74117 14.5885 1.54424 5.54704 0.668966 0.256661 0.92465 8.62941 -0.118076 8.57021 2.38166 0.399792 4.944 0.549089 0.113041 0.359203  2048 2048 381 0 0 79.7859 0.882367 59.9855 9.79061 0.0224609 0.0493164
2.74117 14.5885 0.365001 4.79324 0.378979 0.256661 0.92465 8.62941 -0.118076 7.61345 2.38166 0.399792 4.944 0.520218 0.113041 1.15244  2048 2047 377 0 0 409.611 1.81149 59.9855 9.69223 0.0556641 0.0698242
2.74117 14.5885 1.54424 4.79324 0.254158 0.497757 0.771569 8.62941 -0.118076 8.86135 2.38166 4.944 15.4875 0.549089 0.113041 0.392468  2048 2048 379 0 0 79.7859 0.88705 59.9855 9.72731 0.146484 0.157227
2.74117 14.5885 1.54424 4.79324 0.668966 0.256661 0.92465 8.62941 -0.118076 8.33155 14.5677 0.399792 4.944 0.549089 0.113041 1.15244  2048 303 385 0 0 409.611 23.8209 59.9855 1.96908 23.0347 0
2.74117 14.5885 1.54424 4.79324 0.668966 0.256661 0.771569 8.62941 -0.118076 8.86135 2.38166 0.399792 4.944 0.549089 0.113041 0.344981  2048 2048 379 0 0 81.0528 0.892378 59.9856 9.89852 0.0292969 0.0200195
2.74117 14.5885 1.54424 4.79324 0.378979 0.256661 1.72674 8.62941 -0.118076 8.86135 2.38166 0.399792 4.944 0.549089 0.113041 0.430006  2048 2048 381 0 0 80.236 0.882454 59.9855 9.87443 0.0263672 0.0200195
2.74117 14.5885 1.54424 4.79324 0.254158 0.497757 1.72674 8.62941 -0.118076 8.86135 2.38166 0.399792 4.944 0.549089 0.113041 1.15244  2048 2048 382 0 0 80.1526 0.912007 59.9855 9.82244 0.0341797 0.0268555
2.74117 14.5885 1.54424 5.54704 0.509903 0.256661 0.92465 8.62941 -0.118076 8.57021 2.38166 0.399792 4.944 0.658589 0.113041 0.359203  2048 2048 379 0 0 80.086 0.870903 59.9855 9.78699 0.0625 0.0317383
2.74117 14.5885 1.54424 4.79324 0.254158 0.497757 0.92465 8.62941 -0.118076 8.57021 2.38166 0.399792 4.944 0.549089 0.113041 0.344981  2048 2048 379 0 0 80.4194 0.882806 59.9856 9.82488 0.0234375 0.0258789
2.74117 17.4975 1.54424 4.79324 0.254158 0.497757 0.92465 8.62941 -0.154698 8.86135 2.38166 0.399792 4.944 0.658589 0.113041 0.392468  2048 2033 383 0 0 409.611 1.90237 59.9856 9.60767 0.0244141 0.0639648
2.74117 14.5885 1.54424 4.79324 0.318979 0.256661 0.92465 8.62941 -0.118076 8.57021 2.38166 0.399792 4.944 0.549089 0.113041 0.359203  2048 2048 379 0 0 80.486 0.909766 59.9856 9.8452 0.0371094 0.0161133
2.74117 14.5885 1.54424 4.79324 0.254158 0.497757 1.68566 8.62941 -0.118076 8.86135 2.38166 0.399792 4.944 0.549089 0.113041 0.392468  2048 2048 385 0 0 80.3527 0.877196 59.9855 9.86773 0.0341797 0.0361328
2.74117 14.5885 1.54424 4.79324 0.254158 0.256661 0.92465 8.62941 -0.118076 8.57021 2.38166 0.399792 4.53627 0.549089 0.113041 0.392468  2048 2048 379 0 0 80.486 0.892511 59.9856 9.87559 0.0322266 0.0151367
2.74117 14.5885 1.54424 4.79324 0.254158 0.256661 1.72674 8.62941 -0.118076 8.57021 2.38166 0.399792 4.53627 0.549089 0.113041 0.392468  2048 2048 379 0 0 80.236 0.876304 59.9855 9.84034 0.0341797 0.0229492
2.74117 14.5885 1.54424 4.79324 0.378979 0.256661 1.72674 8.62941 -0.118076 8.57021 2.38166 0.399792 4.53627 0.658589 0.113041 0.392468  2048 2048 379 0 0 80.186 0.902676 59.9855 9.81631 0.0263672 0.0268555
2.74117 14.5885 1.54424 4.79324 0.378979 0.256661 1.72674 8.62941 -0.118076 8.57021 2.38166 0.399792 4.944 0.549089 0.113041 0.392468  2048 2048 379 0 0 80.0193 0.878139 59.9855 9.81153 0.0546875 0.0263672
2.74117 14.5885 1.54424 4.79324 0.254158 0.256661 0.92465 8.62941 -0.118076 8.97122 2.38166 0.399792 4.944 0.658589 0.113041 0.392468  2048 2047 379 0 0 409.611 1.81031 59.9856 9.93403 0.0380859 0.00878906
2.74117 14.5885 1.54424 4.22315 0.378979 0.256661 1.72674 8.62941 -0.118076 8.86135 2.38166 0.399792 4.944 0.658589 0.113041 0.392468  2048 2048 381 0 0 80.5361 0.884646 59.9856 9.89872 0.0361328 0.0146484
2.74117 14.5885 1.54424 4.79324 0.254158 0.256661 1.72674 8.62941 -0.118076 8.57021 2.38166 0.399792 4.944 0.658589 0.113041 0.392468  2048 2048 379 0 0 80.1526 0.90931 59.9855 9.80773 0.0351563 0.0175781
2.74117 14.5885 1.54424 4.79324 0.254158 0.256661 0.92465 8.62941 -0.118076 8.86135 2.38166 0.399792 4.944 0.549089 0.113041 0.392468  2048 2048 379 0 0 81.7196 0.900444 59.9856 9.92575 0.0322266 0.0102539
2.74117 14.5885 1.54424 4.79324 0.254158 0.497757 0.92465 8.62941 0.343364 8.86135 2.38166 0.399792 4.944 0.549089 0.113041 0.0374767  2048 2047 1021 0 0 409.611 2.82571 59.986 23.3324 95.8306 2.86084
2.74117 14.5885 1.54424 4.79324 0.378979 0.256661 1.72674 8.62941 -0.118076 8.86135 2.38166 0.399792 4.944 0.549089 0.113041 1.15244  2048 2048 381 0 0 80.236 0.88714 59.9855 9.82782 0.0371094 0.0112305
2.74117 14.5885 1.54424 4.79324 0.254158 0.256661 0.92465 8.62941 -0.118076 8.57021 2.38166 0.399792 4.944 0.549089 0.113041 0.359203  2048 2048 378 0 0 80.5694 0.901011 59.9856 9.85475 0.0751953 0.0131836
2.74117 14.5885 1.54424 4.79324 0.509903 0.256661 0.92465 8.62941 -0.118076 2.58492 2.38166 0.399792 4.53627 0.658589 0.113041 0.359203  2048 1997 374 0 0 409.611 2.38519 59.9855 9.42481 0.179688 2.84082
2.74117 14.5885 1.54424 4.79324 0.254158 0.497757 0.92465 8.62941 -0.118076 8.57021 4.68398 0.399792 4.944 0.549089 0.113041 0.430006  2048 1105 383 0 0 409.611 13.5788 59.9858 5.79127 1.26416 0
2.74117 14.5885 1.54424 4.79324 0.254158 0.497757 1.72674 8.62941 -0.118076 8.57021 2.38166 0.399792 4.944 0.549089 0.113041 0.359203  2048 2048 383 0 0 80.0359 0.877209 59.9855 9.80832 0.0244141 0.0517578
2.74117 14.5885 1.54424 4.79324 0.378979 0.497757 1.72674 8.62941 -0.118076 8.57021 2.38166 0.399792 4.944 0.658589 0.113041 0.430006  2048 2048 382 0 0 80.0026 0.890617 59.9855 9.79007 0.0380859 0.0517578
2.74117 14.5885 1.54424 4.79324 0.668966 0.256661 1.72674 8.62941 -0.118076 8.57021 2.38166 0.399792 4.944 0.520218 0.113041 0.344981  2048 2048 382 0 0 80.0026 0.878498 59.9855 9.80678 0.0361328 0.0458984
2.74117 14.5885 1.54424 4.79324 0.668966 0.256661 0.92465 8.62941 -0.118076 8.57021 2.38166 0.399792 4.944 0.520218 0.113041 0.359203  2048 2048 379 0 0 80.236 0.879309 59.9855 9.82119 0.0253906 0.0273438
2.74117 14.5885 1.54424 4.79324 0.378979 0.497757 0.92465 8.62941 -0.118076 8.86135 2.38166 0.399792 4.944 0.349925 0.981597 0.392468  2048 2048 378 0 0 80.186 0.886188 59.9855 9.79942 0.0820313 0.00976563
2.74117 14.5885 1.54424 4.79324 0.378979 0.872951 1.72674 8.62941 -0.118076 8.57021 2.38166 0.399792 4.944 0.549089 0.113041 1.15244  2048 2048 383 0 0 79.6359 0.89454 59.9855 9.78677 0.0395508 0.123047
2.74117 14.5885 1.54424 4.79324 0.254158 0.497757 0.771569 8.62941 -0.118076 8.86135 2.38166 0.399792 4.944 0.549089 0.113041 1.15244  2048 2048 378 0 0 80.7028 0.880145 59.9856 9.84444 0.0224609 0.0102539
2.74117 14.6654 1.54424 4.79324 0.254158 0.497757 0.92465 8.62941 -0.386517 8.86135 2.38166 0.399792 4.944 0.549089 0.113041 0.430006  2048 528 374 0 0 409.611 21.0041 59.9855 2.43642 0.00195313 0.000976563
2.74117 14.5885 1.54424 4.79324 0.254158 0.497757 0.92465 8.62941 -0.118076 8.86135 2.38166 0.399792 4.944 0.549089 0.113041 0.0736717  2048 2048 379 0 0 81.1362 0.907369 59.9856 9.90827 0.0234375 0.0205078
2.74117 14.5885 1.54424 4.79324 0.254158 0.497757 0.92465 8.62941 -0.118076 8.57021 2.38166 0.399792 4.944 0.549089 0.113041 0.499283  2048 2048 378 0 0 80.5694 0.901102 59.9856 9.81685 0.0341797 0.0239258
2.74117 14.5885 1.54424 16.4281 0.378979 0.256661 1.72674 8.62941 -0.118076 8.86135 2.38166 0.399792 4.944 0.549089 0.113041 0.430006  2048 2043 374 0 0 409.611 1.88522 59.9855 9.8877 1.6748 3.68262
2.74117 14.5885 1.54424 4.79324 0.378979 0.256661 0.92465 8.62941 -0.118076 8.57021 2.38166 0.399792 4.944 0.549089 0.113041 0.359203  2048 2048 379 0 0 80.3694 0.930554 59.9855 9.83761 0.0302734 0.015625
7.66839 8.16309 1.54424 4.79324 0.254158 0.497757 0.92465 8.62941 -0.118076 8.86135 2.38166 0.399792 4.944 0.549089 1.65929 1.15244  2048 959 568 338 0 409.611 15.5145 59.9859 5.10413 1.88037 1.74121
2.74117 14.5885 1.54424 4.79324 0.509903 0.256661 0.992584 8.62941 -0.118076 8.57021 2.38166 0.399792 4.53627 0.658589 0.113041 0.359203  2048 2048 379 0 0 80.3193 0.885403 59.9855 9.8319 0.0263672 0.0219727
2.74117 14.5885 1.54424 4.79324 0.254158 0.256661 0.148808 8.62941 -0.118076 8.57021 2.38166 0.399792 4.53627 0.658589 0.113041 0.392468  2048 2045 378 0 0 409.611 1.84142 59.9856 9.93666 0.0820313 0.00976563
2.74117 14.5885 1.54424 4.79324 0.509903 0.256661 0.92465 8.62941 -0.118076 8.86135 2.38166 0.399792 4.944 0.658589 0.113041 0.359203  2048 2048 379 0 0 80.8528 0.925542 59.9856 9.88486 0.0214844 0.0131836
2.74117 14.5885 1.54424 5.54704 0.254158 0.497757 0.92465 8.62941 -0.118076 8.57021 2.38166 0.399792 4.944 0.549089 0.113041 1.15244  2048 2048 378 0 0 79.9026 0.870437 59.9855 9.76777 0.0341797 0.0463867
2.74117 14.5885 1.54424 4.79324 0.254158 0.256661 0.92465 8.62941 -0.118076 8.86135 2.38166 0.399792 4.944 0.658589 0.113041 0.392468  2048 2048 379 0 0 80.7528 0.892517 59.9856 9.91162 0.0507813 0.00927734
2.74117 14.6654 4.79324 11.9987 0.254158 0.497757 0.92465 8.62941 -0.118076 8.57021 2.38166 0.399792 4.944 0.549089 0.113041 0.430006  2048 2048 378 0 0 78.919 0.887107 59.9855 9.81456 0.449707 2.08496
2.74117 14.5885 1.54424 4.79324 0.378979 0.497757 0.92465 8.62941 -0.118076 8.57021 2.38166 0.399792 4.944 0.549089 0.113041 0.359203  2048 2048 379 0 0 80.2527 0.928002 59.9855 9.8159 0.0253906 0.0292969
2.74117 14.5885 1.54424 4.79324 0.254158 0.497757 0.771569 8.62941 -0.118076 8.57021 2.38166 0.399792 4.944 0.520218 0.113041 0.344981  2048 2048 378 0 0 80.8028 0.882527 59.9856 9.83401 0.03125 0.0224609
6.0332 14.6654 1.54424 4.79324 0.254158 0.497757 0.92465 8.62941 -0.118076 8.57021 2.38166 0.399792 4.944 0.549089 0.113041 0.430006  2048 991 555 266 0 409.611 15.1874 59.986 6.59719 1.10645 2.35645
2.74117 14.5885 1.54424 4.79324 0.668966 0.256661 0.92465 8.62941 -0.118076 8.86135 2.38166 0.399792 4.944 1.36491 0.113041 1.15244  2048 2044 377 0 0 409.611 1.82541 59.9855 9.71016 0.0527344 0.00390625
2.74117 14.5885 1.54424 4.79324 0.668966 0.256661 0.771569 8.62941 -0.118076 8.57021 2.38166 0.399792 4.944 0.549089 0.113041 0.344981  2048 2048 379 0 0 80.3027 0.92948 59.9855 9.82585 0.0224609 0.0249023
2.74117 14.5885 1.54424 4.79324 0.254158 0.969024 0.92465 8.62941 -0.118076 8.57021 2.38166 0.399792 4.944 0.520218 0.113041 0.344981  2048 2048 383 0 0 80.0193 0.895531 59.9855 9.81552 0.0195313 0.0810547
2.74117 14.5885 1.54424 5.54704 0.318979 0.497757 0.92465 8.62941 -0.118076 8.86135 2.38166 0.399792 4.944 0.549089 0.113041 0.0374767  2048 2048 381 0 0 80.2027 0.88141 59.9855 9.86218 0.0351563 0.0576172
2.74117 14.5885 1.54424 4.79324 0.509903 0.256661 0.92465 8.62941 -0.118076 8.57021 2.38166 0.399792 4.53627 0.520218 0.113041 0.344981  2048 2048 379 0 0 80.4194 0.907081 59.9856 9.85057 0.0253906 0.0253906
2.74117 14.5885 1.54424 4.79324 0.668966 0.256661 0.92465 8.62941 -0.118076 8.86135 2.38166 0.399792 4.944 0.549089 1.36955 0.392468  2048 2048 377 0 0 79.6692 0.925009 59.9855 9.75091 0.184082 0.00488281
2.74117 14.5885 0.365001 4.79324 0.378979 0.256661 0.771569 8.62941 0.552751 8.57021 2.38166 0.399792 4.53627 0.549089 0.113041 1.15244  2048 2048 1845 36 0 139.86 2.14078 59.9886 25.4779 36.1597 1.85156
2.74117 14.5885 1.54424 4.79324 0.509903 0.256661 0.92465 8.62941 -0.118076 8.57021 2.38166 0.399792 4.944 0.658589 0.421216 0.359203  2048 2048 378 0 0 79.7192 0.883706 59.9855 9.77967 0.0390625 0.0151367
2.74117 14.5885 0.365001 5.54704 0.378979 0.497757 0.92465 8.62941 -0.118076 8.97122 2.38166 0.399792 4.944 0.549089 0.113041 0.392468  2048 2048 381 0 0 80.186 0.896982 59.9855 9.86081 0.0390625 0.0517578
2.74117 14.5885 1.54424 4.79324 0.254158 0.497757 0.771569 8.62941 -0.118076 8.86135 2.38166 0.399792 4.944 0.658589 0.113041 0.392468  2048 2048 379 0 0 81.2695 0.941412 59.9856 9.88062 0.0253906 0.0117188
2.74117 14.5885 1.54424 4.79324 0.668966 0.256661 0.92465 8.62941 -0.118076 8.86135 2.38166 0.399792 4.944 0.549089 0.113041 0.499283  2048 2048 379 0 0 80.8361 0.883748 59.9856 9.8778 0.0224609 0.019043
2.74117 14.5885 1.54424 4.79324 0.254158 0.497757 0.92465 8.62941 -0.118076 8.57021 2.38166 0.399792 4.944 0.549089 0.113041 0.430006  2048 2048 379 0 0 80.3193 0.881421 59.9855 9.81922 0.0322266 0.0253906
2.74117 14.5885 1.54424 4.79324 0.254158 0.497757 0.771569 8.62941 -0.118076 8.86135 2.38166 0.399792 4.53627 0.658589 0.113041 0.359203  2048 2048 379 0 0 81.5529 0.889831 59.9856 9.90528 0.0185547 0.0166016
2.74117 14.5885 1.54424 4.79324 0.668966 0.256661 0.92465 8.62941 -0.118076 8.57021 2.38166 0.399792 4.53627 0.549089 0.113041 1.15244  2048 2048 379 0 0 80.3527 0.919698 59.9855 9.79292 0.0288086 0.0244141
2.74117 14.5885 1.54424 4.79324 0.509903 0.256661 0.92465 8.62941 -0.118076 8.57021 2.38166 0.399792 11.7399 0.549089 0.113041 0.359203  2048 2048 378 0 0 79.2691 0.870571 59.9855 9.6802 0.0791016 0.0292969
2.74117 14.5885 1.54424 4.79324 0.509903 0.256661 0.92465 8.62941 -0.118076 8.57021 2.38166 0.399792 4.944 0.658589 0.113041 0.359203  2048 2048 379 0 0 80.3027 0.876677 59.9855 9.81392 0.03125 0.0180664
2.74117 14.5885 1.54424 4.79324 0.254158 0.497757 1.72674 8.62941 -0.118076 8.57021 2.38166 0.399792 4.944 0.520218 0.113041 0.344981  2048 2048 383 0 0 80.086 0.88419 59.9855 9.81268 0.0273438 0.0532227
2.74117 14.5885 1.54424 4.79324 0.668966 0.256661 0.92465 8.62941 -0.118076 8.86135 2.38166 0.399792 4.944 0.658589 0.113041 0.430006  2048 2048 379 0 0 80.8028 0.927822 59.9856 9.86569 0.0263672 0.0170898
2.74117 14.5885 1.54424 4.79324 0.668966 0.256661 1.72674 8.62941 -0.118076 8.57021 2.38166 0.399792 4.53627 0.658589 0.113041 0.392468  2048 2048 382 0 0 80.0026 0.883709 59.9855 9.80415 0.0361328 0.0415039
2.74117 14.5885 1.54424 4.79324 0.254158 0.497757 1.72674 8.62941 -0.118076 8.86135 2.38166 0.399792 4.944 0.658589 0.113041 0.392468  2048 2048 382 0 0 80.186 0.882609 59.9855 9.85271 0.0283203 0.0302734
2.74117 14.5885 1.54424 4.79324 0.254158 0.497757 0.92465 8.62941 -0.118076 8.97122 2.38166 0.399792 4.944 0.658589 0.113041 0.392468  2048 2048 379 0 0 81.2862 0.897235 59.9856 9.89997 0.0253906 0.0146484
2.74117 14.5885 1.54424 4.79324 0.254158 0.256661 0.92465 8.62941 -0.118076 8.86135 2.38166 0.399792 4.944 0.549089 0.113041 0.359203  2048 2048 379 0 0 81.4529 0.939652 59.9856 9.92799 0.0341797 0.0102539
2.74117 14.5885 1.54424 4.79324 0.378979 0.256661 0.92465 8.62941 -0.118076 8.86135 2.38166 0.399792 4.944 0.549089 0.113041 0.359203  2048 2048 379 0 0 81.1362 0.880814 59.9856 9.91022 0.0507813 0.0151367
2.74117 14.5885 1.54424 4.79324 0.668966 0.497757 0.92465 8.62941 -0.118076 8.86135 2.38166 0.399792 4.944 0.549089 0.113041 0.344981  2048 2048 381 0 0 80.3193 0.893753 59.9855 9.86756 0.0351563 0.0351563
2.74117 14.6654 1.54424 4.79324 0.254158 0.497757 0.92465 8.62941 -0.118076 8.57021 2.38166 0.399792 4.944 0.520218 0.113041 0.430006  2048 2048 379 0 0 80.3694 0.891563 59.9855 9.82656 0.0253906 0.0263672
2.74117 14.5885 1.54424 4.79324 0.509903 0.256661 1.72674 8.62941 -0.118076 8.57021 2.38166 0.399792 4.53627 0.658589 0.113041 0.359203  2048 2048 381 0 0 79.9526 0.919881 59.9855 9.81011 0.0498047 0.0341797
2.74117 14.5885 1.54424 4.79324 0.254158 0.497757 0.92465 8.62941 -0.118076 8.86135 2.38166 0.399792 4.944 0.658589 0.113041 0.359203  2048 2048 379 0 0 80.8528 0.905806 59.9856 9.87579 0.0292969 0.015625
2.74117 14.5885 1.54424 4.79324 0.254158 0.256661 0.92465 8.62941 -0.118076 8.86135 2.38166 0.399792 4.944 0.549089 0.113041 0.499283  2048 2048 379 0 0 80.8361 0.889253 59.9856 9.91785 0.0361328 0.00878906
2.74117 14.5885 1.54424 4.79324 0.668966 0.497757 0.92465 8.62941 -0.118076 8.86135 2.38166 0.399792 4.944 0.549089 0.113041 0.359203  2048 2048 381 0 0 80.3527 0.88822 59.9855 9.8667 0.0478516 0.034668
2.74117 14.6654 1.54424 4.79324 0.318979 0.256661 0.92465 8.62941 -0.118076 8.57021 2.38166 0.399792 4.944 0.549089 0.113041 0.359203  2048 2048 379 0 0 80.5194 0.931182 59.9856 9.8488 0.0429688 0.0151367
2.74117 14.5885 1.54424 4.79324 0.254158 0.497757 0.92465 8.62941 -0.118076 8.57021 2.38166 0.399792 16.1473 0.549089 0.113041 0.359203  2048 2047 378 0 0 409.611 1.79682 59.9855 9.66233 0.235352 0.0742188
2.74117 14.5885 1.54424 5.54704 0.318979 0.256661 0.92465 8.62941 -0.118076 8.57021 2.38166 0.399792 4.944 0.549089 0.113041 0.478408  2048 2048 379 0 0 80.4194 0.881802 59.9856 9.80168 0.0273438 0.0229492
2.74117 14.5885 1.54424 4.79324 0.509903 0.256661 0.92465 8.62941 -0.118076 8.57021 2.38166 0.399792 4.944 0.520218 0.113041 0.344981  2048 2048 379 0 0 80.3527 0.888758 59.9855 9.83412 0.0273438 0.0224609
2.74117 14.5885 1.54424 5.54704 0.254158 0.256661 0.771569 8.62941 -0.118076 8.57021 2.38166 0.399792 4.944 0.549089 0.113041 1.15244  2048 2048 378 0 0 80.7528 0.91761 59.9856 9.78427 0.0302734 0.0180664
2.74117 14.5885 1.54424 4.79324 0.378979 0.256661 0.92465 8.62941 -0.118076 8.57021 2.38166 0.399792 4.944 0.549089 0.113041 1.15244  2048 2048 378 0 0 79.8192 0.883972 59.9855 9.78819 0.0498047 0.0131836
2.74117 14.5885 1.54424 4.79324 0.254158 0.497757 0.92465 8.62941 -0.118076 8.57021 2.38166 0.399792 4.53627 0.658589 0.113041 0.392468  2048 2048 379 0 0 80.4194 0.876513 59.9856 9.82754 0.0351563 0.0249023
2.74117 14.5885 1.54424 4.79324 0.254158 0.497757 0.771569 8.62941 -0.118076 8.57021 2.38166 0.399792 4.944 0.549089 0.113041 0.359203  2048 2048 378 0 0 80.7528 0.873022 59.9856 9.83072 0.0332031 0.0219727
2.74117 14.5885 1.54424 4.79324 0.254158 0.256661 1.72674 8.62941 -0.118076 8.57021 2.38166 0.399792 4.53627 0.658589 0.113041 1.15244  2048 2048 378 0 0 79.8692 0.924253 59.9855 9.782 0.0283203 0.019043
2.74117 14.6654 1.54424 4.79324 0.254158 0.256661 1.72674 8.62941 -0.118076 8.57021 2.38166 0.399792 4.944 0.658589 0.113041 0.392468  2048 2048 379 0 0 80.1693 0.886455 59.9855 9.80962 0.0322266 0.0175781
2.74117 14.5885 1.54424 4.79324 0.378979 0.497757 0.771569 8.62941 -0.118076 8.57021 2.38166 0.399792 4.944 0.549089 0.113041 1.15244  2048 2048 378 0 0 79.8692 0.893102 59.9855 9.77866 0.0429688 0.0209961
2.74117 14.5885 1.54424 4.79324 0.668966 0.256661 0.771569 8.62941 -0.118076 8.57021 2.38166 0.399792 4.944 0.520218 0.113041 0.430006  2048 2048 379 0 0 80.3027 0.893408 59.9855 9.82416 0.0234375 0.0239258
2.74117 14.5885 0.365001 5.54704 0.378979 0.256661 0.771569 8.62941 -0.118076 8.86135 2.38166 0.399792 4.944 0.549089 0.113041 0.392468  2048 2048 379 0 0 81.2195 0.928672 59.9856 9.87323 0.0302734 0.0200195
2.74117 14.5885 1.54424 5.54704 0.318979 0.256661 0.92465 8.62941 -0.118076 8.86135 2.38166 0.399792 4.944 0.549089 0.113041 0.359203  2048 2048 379 0 0 80.9361 0.884186 59.9856 9.86787 0.0205078 0.0195313
2.74117 14.5885 1.54424 4.79324 0.378979 0.256661 1.72674 8.62941 -0.118076 8.86135 2.38166 0.399792 4.944 0.549089 0.113041 0.359203  2048 2048 381 0 0 80.2027 0.877978 59.9855 9.87947 0.0234375 0.0205078
2.74117 14.5885 1.54424 4.79324 0.509903 0.256661 0.92465 8.62941 -0.118076 8.86135 2.38166 0.399792 4.944 0.549089 0.113041 0.392468  2048 2048 379 0 0 80.7528 0.897953 59.9856 9.8974 0.0458984 0.0161133
2.74117 14.5885 1.54424 4.79324 0.668966 0.497757 0.92465 8.62941 -0.118076 8.57021 2.38166 0.399792 4.944 0.520218 0.113041 0.344981  2048 2048 381 0 0 80.0359 0.924598 59.9855 9.8104 0.0214844 0.0488281
2.74117 14.5885 1.54424 4.79324 0.378979 0.256661 0.771569 8.62941 -0.118076 8.57021 2.38166 0.399792 4.944 0.549089 0.113041 1.15244  2048 2048 378 0 0 79.8692 0.881934 59.9855 9.79591 0.046875 0.0107422
2.74117 14.5885 1.54424 4.79324 0.668966 0.256661 0.771569 8.62941 0.56296 8.97122 2.38166 0.399792 4.944 0.520218 0.113041 0.344981  2048 2048 1809 9 0 141.376 2.28616 59.9889 27.4563 83.0664 2.56104
2.74117 14.5885 1.54424 4.79324 0.378979 0.256661 1.72674 8.62941 -0.118076 8.57021 2.38166 0.399792 4.944 0.658589 0.113041 0.392468  2048 2048 379 0 0 80.0193 0.882312 59.9855 9.79873 0.0273438 0.0209961
2.74117 14.5885 1.54424 4.79324 0.509903 0.256661 0.92465 8.62941 -0.118076 8.57021 2.38166 0.399792 4.944 0.549089 0.113041 1.15244  2048 2047 378 0 0 409.611 1.81768 59.9855 9.77511 0.0322266 0.0166016
2.74117 14.5885 1.54424 4.79324 0.254158 0.256661 1.72674 8.62941 -0.118076 5.45305 2.38166 0.399792 4.944 0.658589 0.113041 0.392468  2048 2017 374 0 0 409.611 2.11771 59.9855 9.52311 0.0444336 0.857422
9.27244 14.5885 1.54424 4.79324 0.676778 0.256661 0.92465 8.62941 -0.118076 8.57021 2.38166 0.399792 4.944 0.549089 0.113041 0.392468  2048 1165 756 698 0 409.611 12.802 59.986 5.69277 3.14355 2.99902
2.74117 14.5885 1.54424 4.79324 0.254158 0.497757 1.04343 8.62941 -0.118076 8.57021 2.38166 0.399792 4.944 0.549089 0.113041 0.359203  2048 2048 379 0 0 80.3027 0.878431 59.9855 9.81981 0.0302734 0.0253906
2.74117 14.5885 1.54424 4.79324 0.254158 0.497757 0.92465 8.62941 -0.118076 8.86135 2.38166 0.399792 4.944 0.549089 0.113041 1.15244  2048 2048 378 0 0 80.1526 0.92537 59.9855 9.83793 0.0332031 0.0131836
2.74117 14.5885 1.54424 4.79324 0.378979 0.256661 1.72674 8.62941 -0.118076 8.57021 2.38166 0.399792 4.944 0.520218 0.113041 0.344981  2048 2048 379 0 0 80.086 0.882529 59.9855 9.8173 0.0302734 0.027832
2.74117 14.5885 1.54424 4.79324 0.254158 0.497757 0.92465 8.62941 -0.118076 8.57021 12.5004 0.399792 4.944 0.549089 0.113041 0.359203  2048 275 386 0 0 409.611 24.1744 59.9957 1.96658 21.0669 0
2.74117 14.5885 1.54424 4.79324 0.254158 0.497757 1.72674 8.62941 -0.118076 8.57021 2.38166 0.399792 4.944 0.549089 0.113041 0.392468  2048 2048 383 0 0 80.0359 0.89292 59.9855 9.80674 0.0253906 0.0507813
2.74117 14.5885 1.54424 4.79324 0.668966 0.256661 0.92465 8.62941 -0.118076 8.86135 2.38166 0.399792 4.944 0.520218 0.113041 0.344981  2048 2048 379 0 0 80.9361 0.888101 59.9856 9.89357 0.0224609 0.0249023
2.74117 14.5885 1.54424 16.2542 0.254158 0.497757 0.771569 8.62941 -0.118076 8.57021 2.38166 0.399792 4.53627 0.658589 0.113041 0.359203  2048 2039 378 0 0 409.611 1.89556 59.9855 9.81885 1.28223 3.36719
2.74117 14.5885 1.54424 4.79324 0.668966 0.256661 0.788537 8.62941 -0.118076 8.86135 2.38166 0.399792 4.944 0.549089 0.113041 1.15244  2048 2048 379 0 0 80.8028 0.897198 59.9856 9.83512 0.0263672 0.0112305
2.74117 14.5885 1.54424 4.79324 0.509903 0.497757 0.560625 8.62941 -0.118076 8.57021 2.38166 0.399792 4.944 0.658589 1.31736 0.359203  2048 2048 377 0 0 79.6692 0.879639 59.9855 9.72569 0.220215 0.00732422
2.74117 14.5885 1.54424 4.79324 0.509903 0.256661 0.92465 7.30522 -0.118076 8.57021 2.38166 0.399792 4.944 0.549089 0.113041 0.359203  2048 2048 379 0 0 80.7528 0.890694 59.9856 9.98142 0.0302734 0.0263672
2.74117 14.5885 1.54424 4.79324 0.668966 0.497757 0.771569 8.62941 -0.118076 8.57021 2.38166 0.399792 4.944 0.549089 0.113041 0.359203  2048 2048 379 0 0 80.3193 0.889396 59.9855 9.81043 0.03125 0.0400391
2.74117 14.5885 1.54424 10.2298 0.509903 0.256661 0.92465 8.62941 -0.118076 8.57021 10.5362 0.399792 4.53627 0.658589 0.113041 0.359203  2048 729 392 0 0 409.611 18.442 60.0012 6.12217 48.5376 0
2.74117 14.5885 1.54424 4.79324 0.668966 0.256661 0.92465 8.62941 -0.118076 8.97122 2.38166 0.399792 4.944 0.549089 0.113041 1.15244  2048 2048 379 0 0 81.4196 0.888566 59.9856 9.85934 0.0244141 0.012207
2.74117 14.5885 1.54424 4.79324 0.254158 0.256661 0.771569 8.62941 -0.118076 8.57021 2.38166 0.399792 4.944 0.520218 0.113041 1.15244  2048 2048 378 0 0 81.1362 0.890418 59.9856 9.81931 0.0556641 0.0126953
2.74117 14.5885 1.54424 4.79324 0.378979 0.256661 0.92465 8.62941 -0.118076 8.86135 2.38166 0.399792 4.944 0.658589 0.113041 0.392468  2048 2048 379 0 0 81.1362 0.90078 59.9856 9.89148 0.03125 0.0112305
2.74117 14.6654 1.54424 4.79324 0.254158 0.497757 0.92465 8.62941 -0.118076 8.57021 2.38166 0.399792 4.944 0.549089 0.113041 0.392468  2048 2048 379 0 0 80.3694 0.880609 59.9855 9.82574 0.0263672 0.0249023
2.74117 14.5885 1.54424 4.79324 0.668966 0.256661 0.771569 3.65795 -0.118076 8.57021 2.38166 0.399792 4.944 0.549089 0.113041 0.359203  2048 2048 382 0 0 80.6361 0.930186 59.9856 10.4157 0.0683594 0.0605469
2.74117 14.5885 1.54424 4.79324 0.668966 0.256661 0.92465 8.62941 -0.118076 8.57021 2.38166 0.399792 4.944 0.549089 0.113041 1.15244  2048 2048 378 0 0 80.0026 0.872088 59.9855 9.77076 0.0322266 0.0214844
2.74117 14.5885 1.54424 4.79324 0.509903 0.256661 0.92465 8.62941 -0.118076 8.57021 2.38166 0.399792 4.944 0.658589 0.113041 0.344981  2048 2048 379 0 0 80.2527 0.90662 59.9855 9.81354 0.0263672 0.019043
2.74117 14.5885 1.54424 4.79324 0.509903 0.256661 0.92465 8.62941 -0.118076 8.57021 2.38166 0.399792 4.53627 0.658589 0.113041 1.15244  2048 2048 377 0 0 80.0359 0.883776 59.9855 9.78478 0.0537109 0.0175781
2.74117 14.5885 1.54424 4.79324 0.509903 0.497757 0.92465 8.62941 -0.118076 8.57021 2.38166 0.399792 4.944 0.549089 0.113041 0.359203  2048 2048 379 0 0 80.236 0.885212 59.9855 9.81158 0.0234375 0.0375977
2.74117 14.5885 1.54424 4.79324 0.509903 0.256661 0.771569 8.62941 -0.118076 8.86135 2.38166 0.399792 4.944 0.549089 0.113041 0.392468  2048 2048 379 0 0 81.1362 0.887662 59.9856 9.90657 0.0224609 0.015625
2.74117 14.5885 1.54424 4.79324 0.378979 0.256661 0.771569 8.62941 -0.118076 8.57021 2.38166 0.399792 4.944 0.520218 0.113041 0.392468  2048 2048 379 0 0 80.5027 0.918393 59.9856 9.84862 0.0302734 0.0141602
2.74117 14.5885 1.54424 4.79324 0.254158 0.256661 1.72674 8.62941 -0.118076 8.57021 2.38166 0.399792 4.944 0.549089 0.113041 0.392468  2048 2048 379 0 0 80.1693 0.877853 59.9855 9.82061 0.0449219 0.0195313
2.74117 14.6654 1.54424 4.79324 0.254158 0.497757 0.92465 8.62941 -0.118076 8.57021 2.38166 0.399792 4.944 0.549089 0.113041 0.344981  2048 2048 379 0 0 80.4194 0.893084 59.9856 9.82781 0.0253906 0.0258789
2.74117 14.5885 0.292978 0.365001 0.378979 0.256661 0.771569 8.62941 -0.118076 8.57021 2.38166 0.399792 4.944 0.549089 0.113041 0.344981  2048 805 378 0 0 409.611 17.5162 59.9856 4.25834 0.279297 0.00390625
2.74117 14.5885 1.54424 5.54704 0.318979 0.256661 0.92465 8.62941 -0.118076 8.86135 2.38166 0.399792 4.944 0.549089 0.113041 0.392468  2048 2048 379 0 0 80.9361 0.892291 59.9856 9.86638 0.0214844 0.019043
2.74117 14.5885 1.54424 4.79324 0.254158 0.256661 1.72674 8.62941 -0.118076 8.57021 2.38166 0.399792 4.944 0.549089 0.113041 0.359203  2048 2048 379 0 0 80.186 0.878486 59.9855 9.82224 0.0302734 0.0209961
9.18668 14.5885 1.54424 4.79324 0.254158 0.497757 0.92465 8.62941 -0.118076 8.97122 2.38166 0.399792 4.944 0.549089 0.113041 0.359203  2048 1147 738 673 0 409.611 13.0547 59.986 5.7665 3.03613 2.91357
2.74117 14.5885 1.54424 4.79324 0.254158 0.256661 0.771569 8.62941 -0.118076 8.57021 2.38166 0.399792 4.53627 0.835109 0.113041 0.392468  2048 2048 378 0 0 80.436 0.89874 59.9856 9.8513 0.0722656 0.0117188
2.74117 14.5885 1.54424 4.79324 0.254158 0.497757 0.92465 8.62941 -0.118076 8.57021 2.38166 0.399792 4.944 0.658589 0.113041 0.392468  2048 2048 378 0 0 80.086 0.894172 59.9855 9.8104 0.0429688 0.0214844
2.74117 7.68456 1.54424 4.79324 0.509903 0.256661 0.92465 8.62941 -0.118076 8.57021 2.38166 0.399792 4.53627 0.658589 0.113041 0.359203  2048 2048 366 0 0 79.5192 0.880238 59.9855 9.57429 1.95166 0.000488281
2.74117 14.5885 1.54424 4.79324 0.509903 0.256661 0.92465 8.62941 -0.187796 8.57021 2.38166 0.399792 4.53627 0.658589 0.113041 0.359203  2048 1811 379 0 0 409.611 4.6954 59.9855 8.17719 0.0263672 0.00341797
2.74117 14.5885 1.54424 4.79324 0.668966 0.256661 0.92465 8.62941 -0.118076 8.57021 2.38166 0.399792 4.944 0.549089 0.113041 0.392468  2048 2048 379 0 0 80.2027 0.898938 59.9855 9.81616 0.0546875 0.0273438
2.74117 14.5885 1.54424 4.79324 0.254158 0.497757 0.92465 7.30308 -0.118076 8.57021 2.38166 0.399792 1.42644 0.549089 0.113041 0.392468  2048 2048 381 0 0 81.0528 0.914017 59.9856 10.0864 0.0224609 0.101563
2.74117 14.5885 1.54424 4.79324 0.378979 0.256661 0.92465 8.62941 -0.118076 8.57021 2.38166 0.399792 4.944 0.658589 0.113041 0.392468  2048 2048 378 0 0 80.086 0.886997 59.9855 9.82111 0.0390625 0.012207
2.74117 14.5885 1.54424 4.79324 0.378979 0.256661 1.72674 8.62941 -0.118076 7.32444 2.38166 0.399792 4.944 0.658589 0.113041 0.430006  2048 2048 377 0 0 79.1858 0.86741 59.9855 9.68415 0.0400391 0.160645
2.74117 14.5885 1.54424 4.79324 0.668966 0.497757 0.92465 8.62941 -0.118076 8.57021 2.38166 0.399792 4.944 0.549089 0.113041 0.359203  2048 2048 379 0 0 80.086 0.874885 59.9855 9.80634 0.0244141 0.0444336
2.74117 14.5885 1.54424 4.79324 0.378979 0.256661 1.72674 8.62941 -0.118076 8.57021 2.38166 0.399792 4.944 0.520218 0.113041 0.392468  2048 2048 379 0 0 80.0359 0.894672 59.9855 9.81476 0.0322266 0.0268555
2.74117 14.5885 1.54424 4.79324 0.254158 0.497757 0.92465 8.62941 -0.118076 8.57021 2.38166 0.399792 4.53627 0.549089 0.113041 0.392468  2048 2048 379 0 0 80.6194 0.889079 59.9856 9.83846 0.0498047 0.027832
2.74117 14.5885 1.54424 4.79324 0.378979 0.256661 1.72674 8.62941 -0.118076 8.57021 2.38166 0.399792 4.53627 0.549089 0.113041 1.15244  2048 2048 379 0 0 80.086 0.885253 59.9855 9.79163 0.03125 0.0209961
2.74117 14.5885 1.54424 4.79324 0.254158 0.497757 0.92465 8.62941 -0.118076 8.86135 11.9425 0.399792 4.944 0.549089 0.113041 0.392468  2048 210 386 0 0 409.611 24.9535 59.9855 1.4089 16.8291 0
2.74117 14.5885 1.54424 4.79324 0.668966 0.256661 0.92465 8.62941 -0.118076 8.86135 2.38166 0.399792 4.944 0.549089 0.113041 0.392468  2048 2048 379 0 0 80.9862 0.889405 59.9856 9.88655 0.0244141 0.0205078
2.74117 14.5885 1.54424 4.79324 0.254158 0.497757 0.92465 8.62941 -0.118076 8.57021 2.38166 0.399792 4.944 0.658589 0.113041 0.430006  2048 2048 378 0 0 80.4194 0.875772 59.9856 9.80762 0.0419922 0.0205078
2.74117 14.6654 1.54424 4.79324 0.668966 0.256661 0.92465 8.62941 -0.118076 8.57021 2.38166 0.399792 4.944 0.549089 0.113041 0.430006  2048 2048 379 0 0 80.2027 0.929895 59.9855 9.81564 0.0322266 0.0273438
2.74117 14.5885 1.54424 4.79324 0.254158 0.256661 1.72674 8.62941 -0.118076 8.86135 2.38166 0.399792 4.944 0.549089 0.113041 0.392468  2048 2048 379 0 0 80.436 0.879324 59.9856 9.88666 0.0292969 0.0180664
2.74117 14.5885 1.54424 4.79324 0.254158 0.256661 0.92465 8.62941 -0.118076 8.57021 2.38166 0.399792 4.53627 0.520218 0.113041 0.344981  2048 2048 379 0 0 80.5194 0.894795 59.9856 9.88259 0.0839844 0.0151367
2.74117 14.5885 1.54424 4.79324 0.378979 0.256661 1.72674 8.62941 -0.118076 8.57021 2.38166 0.399792 4.944 0.549089 0.113041 0.359203  2048 2048 379 0 0 80.0193 0.884454 59.9855 9.81349 0.0341797 0.0268555
2.74117 14.5885 1.54424 4.79324 0.668966 0.256661 0.163091 8.62941 -0.118076 3.21116 2.38166 0.399792 4.944 0.549089 0.113041 1.15244  2048 1938 373 0 0 409.611 3.32729 59.9855 9.1441 0.147461 1.73926
2.74117 14.5885 1.54424 5.54704 0.318979 0.256661 0.92465 8.62941 -0.118076 8.57021 2.38166 4.944 5.37187 0.549089 0.113041 0.359203  2048 2048 381 0 0 80.5694 0.891042 59.9856 9.93813 0.0390625 0.163574
2.74117 14.5885 1.54424 4.79324 0.254158 0.497757 0.92465 8.62941 -0.118076 8.86135 2.38166 0.399792 4.944 0.549089 0.100223 0.359203  2048 2048 379 0 0 80.9862 0.886767 59.9856 9.89084 0.046875 0.0195313
2.74117 14.5885 1.54424 4.79324 0.378979 0.256661 1.72674 8.62941 -0.118076 8.57021 2.38166 0.399792 4.944 0.549089 0.113041 0.499283  2048 2048 379 0 0 80.0026 0.878927 59.9855 9.80546 0.0361328 0.0244141
2.74117 14.5885 1.54424 4.79324 0.378979 0.256661 1.72674 7.922 -0.118076 8.86135 2.38166 0.399792 4.944 0.549089 0.113041 0.430006  2048 2048 381 0 0 80.2527 0.939192 59.9855 9.95393 0.0214844 0.0219727
2.74117 14.5885 1.54424 4.79324 0.378979 0.256661 1.72674 8.62941 -0.118076 8.97122 2.38166 0.399792 4.944 0.549089 0.113041 0.392468  2048 2048 381 0 0 80.3193 0.901448 59.9855 9.90399 0.0371094 0.0214844
2.74117 14.5885 1.54424 4.79324 0.254158 0.640522 0.92465 8.62941 -0.118076 8.86135 10.3494 0.399792 4.944 0.549089 0.113041 0.0374767  2048 189 386 0 0 409.611 25.2685 59.9982 1.39034 14.1079 0
2.74117 14.5885 1.54424 4.79324 0.378979 0.256661 0.771569 8.62941 -0.118076 8.57021 2.38166 4.944 17.4303 0.549089 0.113041 1.15244  2048 2047 376 0 0 409.611 1.80126 59.9855 9.64413 0.205078 0.265137
2.74117 14.5885 1.54424 4.79324 0.254158 0.256661 1.72674 8.62941 -0.118076 8.86135 2.38166 0.399792 4.53627 0.549089 0.113041 0.499283  2048 2048 379 0 0 80.5861 0.887277 59.9856 9.90118 0.0292969 0.0205078
2.74117 14.5885 1.54424 4.79324 0.254158 0.497757 0.771569 8.62941 -0.118076 8.86135 2.38166 0.399792 4.944 0.549089 0.113041 0.738548  2048 2048 378 0 0 80.236 0.923938 59.9855 9.87115 0.0253906 0.0107422
2.74117 14.6654 1.54424 4.79324 0.378979 0.256661 0.771569 8.62941 -0.118076 8.57021 2.38166 0.399792 4.944 0.549089 0.113041 0.430006  2048 2048 378 0 0 80.8528 0.879608 59.9856 9.84394 0.0332031 0.0126953
2.74117 14.6654 1.54424 4.79324 0.378979 0.256661 1.72674 8.62941 -0.118076 8.57021 2.38166 0.399792 4.944 0.549089 0.113041 1.15244  2048 2048 379 0 0 79.7859 0.872023 59.9855 9.77308 0.0273438 0.0205078
2.74117 14.5885 1.54424 4.79324 0.254158 0.497757 1.72674 8.62941 -0.118076 8.86135 2.38166 0.399792 4.944 0.549089 0.113041 0.392468  2048 2048 385 0 0 80.3027 0.880507 59.9855 9.86675 0.0336914 0.0380859
2.74117 14.5885 1.54424 4.79324 0.668966 0.256661 0.92465 8.62941 -0.118076 8.86135 2.38166 0.399792 4.944 0.520218 0.113041 1.15244  2048 2048 379 0 0 80.8361 0.906114 59.9856 9.83745 0.0253906 0.0146484
2.74117 14.5885 1.54424 5.54704 0.254158 0.497757 0.92465 8.62941 -0.118076 8.57021 2.38166 0.399792 4.944 0.549089 0.113041 0.359203  2048 2048 379 0 0 80.0026 0.868555 59.9855 9.79986 0.0380859 0.0620117
2.74117 14.5885 1.54424 5.54704 0.318979 0.256661 0.92465 8.62941 -0.118076 8.57021 2.38166 0.399792 4.944 0.520218 0.113041 0.359203  2048 2048 379 0 0 80.4527 0.878262 59.9856 9.81065 0.0273438 0.0239258
