200 2
2.74117 14.5885 1.54424 4.79324 0.454176 0.497757 1.27836 7.54936 -0.495376 8.61843 2.38166 0.399792 3.96313 0.9064 0.0554827 1.06308  2048 2048 379 0 0 79.3858 2.27925 59.9855 9.2613 0.015625 0.0146484
2.74117 14.5885 1.54424 4.79324 0.454176 0.497757 1.26786 7.22587 -0.495376 8.61843 2.38166 0.924711 3.96313 0.9064 0.113041 1.06308  2048 2048 378 0 0 79.6359 2.36214 59.9855 9.24922 0.0166016 0.0131836
2.74117 14.5885 1.54424 4.79324 0.454176 0.497757 1.27836 7.22587 -0.495376 8.61843 2.38166 0.924711 3.96313 0.9064 0.113041 1.06308  2048 2048 378 0 0 79.6525 2.14389 59.9855 9.24871 0.0166016 0.0136719
2.74117 14.5885 1.54424 4.79324 0.454176 0.497757 1.27836 7.54936 -0.495376 8.61843 2.38166 0.399792 3.96313 0.9064 0.113041 1.26182  2048 2048 378 0 0 79.6359 2.24512 59.9855 9.24106 0.0166016 0.0141602
2.74117 14.5885 1.54424 4.79324 0.454176 0.497757 1.27836 7.22587 -0.495376 8.61843 2.38166 0.399792 3.96313 0.9064 0.113041 1.27012  2048 2048 378 0 0 79.6525 2.21143 59.9855 9.24895 0.0166016 0.0141602
2.74117 14.5885 1.54424 4.79324 0.454176 0.497757 1.27836 7.22587 -0.495376 8.61843 2.38166 0.399792 3.96313 1.00851 0.113041 1.06308  2048 2048 378 0 0 79.6525 2.25003 59.9855 9.25188 0.0166016 0.0141602
2.74117 14.5885 1.54424 4.79324 0.454176 0.497757 1.26786 7.54936 -0.495376 8.61843 2.38166 0.399792 3.96313 0.9064 0.113041 1.27012  2048 2048 378 0 0 79.6359 2.23184 59.9855 9.24146 0.0166016 0.0151367
2.74117 14.5885 1.54424 4.79324 0.454176 0.497757 1.26786 7.22587 -0.41467 8.61843 2.38166 0.399792 4.53627 0.9064 0.113041 1.06308  2048 2048 377 0 0 79.4692 2.23176 59.9855 9.25239 0.0175781 0.012207
2.74117 14.5885 1.54424 4.79324 0.454176 0.497757 1.26786 7.22587 -0.41467 8.61843 2.38166 0.399792 4.53627 0.9064 0.113041 1.06308  2048 2048 377 0 0 79.4858 2.23491 59.9855 9.25287 0.0175781 0.012207
2.74117 14.5885 1.54424 4.79324 0.454176 0.497757 1.28666 7.54936 -0.495376 8.61843 2.38166 0.399792 3.96313 0.889004 0.113041 1.06308  2048 2048 379 0 0 79.2691 2.23446 59.9855 9.2532 0.0166016 0.0146484
2.74117 14.5885 1.54424 4.79324 0.454176 0.497757 1.27836 7.54936 -0.495376 8.61843 2.38166 0.399792 3.96313 0.889004 0.0554827 1.06308  2048 2048 379 0 0 79.3858 2.22067 59.9855 9.26343 0.0166016 0.0141602
2.74117 14.5885 1.54424 4.79324 0.454176 0.497757 1.26786 7.54936 -0.495376 8.61843 2.38166 0.399792 4.53627 0.9064 0.113041 1.06308  2048 2048 377 0 0 79.3525 2.22215 59.9855 9.22014 0.0185547 0.0117188
2.74117 14.5885 1.54424 4.79324 0.454176 0.497757 1.28666 7.22587 -0.41467 8.61843 2.38166 0.399792 4.53627 0.9064 0.113041 1.06308  2048 2048 377 0 0 79.4692 2.20467 59.9855 9.25092 0.0175781 0.0126953
2.74117 14.5885 1.54424 4.79324 0.454176 0.497757 1.28666 7.54936 -0.495376 8.61843 2.38166 0.399792 3.96313 0.9064 0.113041 1.06308  2048 2048 379 0 0 79.2691 2.21859 59.9855 9.25125 0.0166016 0.0151367
2.74117 14.5885 1.54424 4.79324 0.454176 0.497757 1.27836 7.54936 -0.495376 8.61843 2.38166 0.399792 3.96313 0.9064 0.113041 1.06308  2048 2048 379 0 0 79.2858 2.18724 59.9855 9.25166 0.0166016 0.0151367
2.74117 14.5885 1.54424 4.79324 0.454176 0.497757 1.27836 8.36634 -0.41467 8.61843 2.38166 0.399792 3.96313 0.9064 0.113041 1.06308  2048 2048 379 0 0 79.3191 2.21451 59.9855 9.25249 0.0166016 0.0151367
2.74117 14.5885 1.54424 4.79324 0.454176 0.497757 1.26786 7.22587 -0.495376 8.61843 2.38166 0.924711 3.96313 0.9064 0.113041 1.15244  2048 2048 378 0 0 79.6525 2.20761 59.9855 9.2439 0.0175781 0.0131836
2.74117 14.5885 1.54424 4.79324 0.454176 0.497757 1.26786 7.22587 -0.495376 8.61843 2.38166 0.924711 3.96313 0.9064 0.113041 1.15244  2048 2048 378 0 0 79.6525 2.23892 59.9855 9.24417 0.0175781 0.0131836
2.74117 14.5885 1.54424 4.79324 0.454176 0.497757 1.28666 7.22587 -0.495376 8.61843 2.38166 0.924711 3.96313 0.9064 0.113041 1.06308  2048 2048 378 0 0 79.6359 2.12091 59.9855 9.24749 0.0175781 0.0131836
2.74117 14.5885 1.54424 4.79324 0.454176 0.497757 1.27836 7.54936 -0.495376 8.61843 2.38166 0.399792 4.53627 0.9064 0.113041 1.06308  2048 2048 377 0 0 79.3858 2.19729 59.9855 9.21926 0.0185547 0.012207
2.74117 14.5885 1.54424 4.79324 0.454176 0.497757 1.28666 7.22587 -0.495376 8.61843 2.38166 0.399792 3.96313 0.9064 0.113041 1.06308  2048 2048 379 0 0 79.5358 2.23671 59.9855 9.25975 0.0175781 0.0136719
2.74117 14.5885 1.54424 4.79324 0.454176 0.497757 1.27836 7.54936 -0.495376 8.61843 2.38166 0.399792 3.96313 0.889004 0.113041 1.06308  2048 2048 379 0 0 79.2858 2.24747 59.9855 9.25375 0.0175781 0.0146484
2.74117 14.5885 1.54424 4.79324 0.454176 0.497757 1.28666 7.22587 -0.495376 8.61843 2.38166 0.399792 3.96313 0.9064 0.113041 1.27012  2048 2048 378 0 0 79.6525 2.33756 59.9855 9.24861 0.0175781 0.0141602
2.74117 14.5885 1.54424 4.79324 0.454176 0.497757 1.28666 7.54936 -0.495376 8.61843 2.38166 0.399792 3.96313 0.9064 0.113041 1.15244  2048 2048 378 0 0 79.5525 2.23116 59.9855 9.24695 0.0195313 0.0151367
2.74117 14.5885 1.54424 4.79324 0.454176 0.497757 1.26786 7.54936 -0.495376 8.61843 2.38166 0.399792 3.96313 1.00851 0.113041 1.27012  2048 2048 378 0 0 79.4858 2.2124 59.9855 9.23145 0.0205078 0.0141602
2.74117 14.5885 1.54424 4.79324 0.454176 0.497757 1.26786 7.22587 -0.41467 8.61843 2.38166 0.399792 3.96313 0.9064 0.113041 1.06308  2048 2048 379 0 0 79.7192 2.30287 59.9855 9.28616 0.0224609 0.0136719
2.74117 14.5885 1.54424 4.79324 0.454176 0.497757 1.26786 7.54936 -0.495376 8.61843 2.38166 0.399792 3.96313 0.9064 0.113041 1.06308  2048 2048 379 0 0 79.2858 2.21916 59.9855 9.25338 0.0175781 0.0151367
2.74117 14.5885 1.54424 4.79324 0.454176 0.497757 1.27836 7.54936 -0.495376 8.61843 2.52327 0.399792 3.96313 0.889004 0.0554827 1.06308  2048 2048 381 0 0 79.7859 2.229 59.9855 9.3128 0.0253906 0.00878906
2.74117 14.5885 1.54424 4.79324 0.454176 0.497757 1.28666 7.22587 -0.41467 8.61843 2.38166 0.924711 3.96313 0.9064 0.113041 1.06308  2048 2048 378 0 0 79.6359 2.13974 59.9855 9.27179 0.0214844 0.0131836
2.74117 14.5885 1.54424 4.79324 0.454176 0.497757 1.26786 7.54936 -0.495376 8.61843 15.5828 0.399792 4.53627 0.9064 0.113041 0.281686  2048 1774 389 0 0 409.611 15.077 60.0052 23.7853 640.641 1.34326
2.74117 14.5885 1.54424 4.79324 0.454176 0.497757 1.26786 7.54936 -0.41467 8.61843 2.38166 0.399792 3.96313 0.9064 0.113041 1.27012  2048 2048 378 0 0 79.6359 2.1527 59.9855 9.26348 0.0205078 0.0146484
2.74117 14.5885 1.54424 4.79324 0.454176 0.497757 1.28666 7.22587 -0.41467 8.61843 2.38166 0.399792 3.96313 0.9064 0.113041 1.06308  2048 2048 379 0 0 79.7192 2.35844 59.9855 9.28474 0.0205078 0.0141602
2.74117 14.5885 1.54424 4.79324 0.454176 0.497757 1.27836 7.22587 -0.495376 8.61843 2.38166 0.399792 4.53627 0.9064 0.113041 1.27012  2048 2048 377 0 0 79.3525 2.2639 59.9855 9.21572 0.0224609 0.0136719
2.74117 14.5885 1.54424 4.79324 1.59819 0.497757 1.26786 7.22587 -0.41467 8.61843 2.38166 0.399792 4.53627 0.9064 0.113041 1.8305  2048 2048 378 0 0 78.9524 2.1948 59.9855 9.13636 0.0771484 0.0415039
2.74117 14.5885 1.54424 4.79324 0.454176 0.497757 1.26786 7.22587 -0.495376 8.61843 2.38166 0.924711 3.96313 0.9064 0.113041 1.06308  2048 2048 378 0 0 79.6692 2.20146 59.9855 9.24941 0.0175781 0.0131836
2.74117 14.5885 1.54424 4.79324 0.454176 0.497757 1.26786 7.54936 -0.495376 8.61843 2.38166 0.399792 3.96313 0.9064 0.113041 1.06308  2048 2048 379 0 0 79.3025 2.21676 59.9855 9.25216 0.0166016 0.015625
2.74117 14.5885 1.54424 4.79324 0.454176 0.497757 1.28666 7.54936 -0.495376 8.61843 2.38166 3.96313 6.69271 0.9064 0.113041 1.06308  2048 2048 379 0 0 78.9691 2.22477 59.9855 9.2551 0.107422 0.0429688
7.22434 14.5885 1.54424 4.79324 0.454176 0.497757 1.27836 7.54936 -0.495376 8.61843 2.38166 0.399792 3.96313 0.889004 0.113041 1.06308  2048 2048 973 1284 0 121.578 2.73467 59.9861 10.4314 11.937 3.74121
2.74117 14.5885 1.54424 4.79324 0.454176 0.497757 1.26786 7.22587 -0.495376 8.61843 2.38166 0.924711 3.96313 0.9064 0.113041 1.27012  2048 2048 378 0 0 79.6525 2.22248 59.9855 9.23769 0.0205078 0.0131836
2.74117 14.5885 1.54424 4.79324 0.454176 0.497757 1.27836 8.36634 -0.41467 8.61843 2.38166 0.924711 3.96313 0.9064 0.113041 1.06308  2048 2048 378 0 0 79.5192 2.21922 59.9855 9.23992 0.0195313 0.0136719
2.74117 14.5885 1.54424 4.79324 0.454176 0.497757 1.27836 7.54936 -0.41467 9.06278 2.38166 0.399792 3.96313 0.9064 0.113041 1.06308  2048 2048 379 0 0 80.6194 2.4436 59.9856 9.3865 0.0224609 0.00732422
2.74117 14.5885 1.54424 4.79324 0.454176 0.497757 1.26786 7.22587 -0.495376 8.61843 2.38166 0.399792 6.10004 0.9064 0.113041 1.06308  2048 2048 377 0 0 78.919 2.0895 59.9855 9.15735 0.0507813 0.00927734
2.74117 14.5885 1.54424 4.79324 0.454176 0.497757 1.27836 7.22587 -0.41467 8.61843 2.38166 0.924711 3.96313 0.9064 0.113041 1.06308  2048 2048 378 0 0 79.6359 2.27295 59.9855 9.27249 0.0214844 0.0141602
2.74117 14.5885 1.54424 4.79324 0.454176 0.497757 1.26786 7.54936 -0.495376 8.61843 2.38166 0.399792 3.96313 0.9064 0.113041 1.26182  2048 2048 378 0 0 79.6359 2.21617 59.9855 9.24187 0.0185547 0.0141602
2.74117 6.85934 1.54424 5.62456 0.454176 0.497757 1.28666 7.54936 -0.495376 8.61843 2.38166 0.399792 3.96313 0.9064 1.85577 1.06308  2048 2048 361 0 0 78.0689 2.10816 59.9855 8.98826 1.54346 0
2.74117 14.5885 1.54424 4.79324 0.454176 0.497757 1.27836 7.22587 -0.495376 8.61843 2.38166 0.399792 3.96313 0.889004 0.113041 1.06308  2048 2048 379 0 0 79.5525 2.22846 59.9855 9.26342 0.0185547 0.0131836
2.74117 14.5885 1.54424 4.79324 0.454176 0.497757 1.27836 7.22587 -0.495376 8.61843 2.38166 0.399792 3.96313 0.9064 0.113041 1.06308  2048 2048 379 0 0 79.5192 2.20998 59.9855 9.26142 0.0195313 0.0131836
2.74117 14.5885 1.54424 4.79324 0.454176 0.497757 1.28666 7.54936 -0.495376 8.61843 2.38166 0.924711 3.96313 0.9064 0.113041 1.15244  2048 2048 378 0 0 79.4858 2.21331 59.9855 9.23351 0.0205078 0.015625
2.74117 14.5885 1.54424 5.9975 0.454176 1.695 1.28666 7.22587 -0.495376 8.61843 2.38166 0.924711 3.96313 0.9064 0.702231 1.06308  2048 2048 377 0 0 78.4856 2.19116 59.9855 9.16862 0.113281 0.427734
2.74117 14.5885 1.54424 4.79324 0.454176 0.497757 1.26786 7.22587 -0.495376 8.61843 2.38166 0.399792 3.96313 0.9064 0.113041 1.06308  2048 2048 379 0 0 79.5358 2.21733 59.9855 9.2621 0.0175781 0.0131836
2.74117 14.5885 1.54424 4.79324 0.454176 0.497757 1.28666 7.22587 -0.495376 8.61843 2.38166 0.399792 4.53627 0.9064 0.113041 1.06308  2048 2048 377 0 0 79.4192 2.43056 59.9855 9.2263 0.0205078 0.0126953
2.74117 14.5885 1.54424 4.79324 0.454176 0.497757 1.27836 7.54936 -0.495376 8.61843 2.38166 0.399792 3.96313 0.21247 0.0554827 1.06308  2048 2048 382 0 0 79.9526 2.24446 59.9855 9.37183 0.0175781 0.0576172
2.74117 14.5885 1.54424 4.79324 0.454176 0.497757 1.27836 7.54936 -0.495376 8.61843 2.38166 0.399792 3.96313 0.9064 0.113041 1.27012  2048 2048 378 0 0 79.6359 3.32748 59.9855 9.2407 0.0185547 0.0146484
2.74117 14.5885 4.79324 9.83123 0.454176 0.497757 1.27836 7.54936 -0.495376 8.61843 2.38166 0.399792 3.96313 0.9064 0.000427259 1.06308  2048 2048 376 0 0 78.7523 2.19539 59.9855 9.14369 0.248535 1.08691
2.74117 14.5885 1.54424 4.79324 0.454176 0.497757 1.27836 8.36634 -0.495376 8.61843 2.38166 0.399792 3.96313 1.00851 0.113041 1.06308  2048 2048 378 0 0 79.5358 2.26135 59.9855 9.22969 0.0214844 0.0151367
2.74117 14.5885 1.54424 8.67885 0.454176 0.497757 1.26786 7.22587 -0.495376 8.61843 2.38166 0.924711 3.96313 0.9064 0.113041 1.06308  2048 2048 377 0 0 78.7023 2.17747 59.9855 9.13845 0.149414 0.647461
2.74117 14.5885 1.54424 4.79324 0.454176 0.497757 1.26786 7.22587 -0.495376 8.61843 2.38166 0.399792 3.96313 0.9064 0.113041 1.27012  2048 2048 378 0 0 79.6525 2.2382 59.9855 9.24978 0.0175781 0.0146484
2.74117 14.5885 1.54424 4.79324 0.454176 0.497757 1.27836 8.36634 -0.495376 8.61843 2.38166 0.399792 3.96313 0.9064 0.113041 1.06308  2048 2048 378 0 0 79.6359 2.21813 59.9855 9.23938 0.0185547 0.0151367
2.74117 14.5885 1.54424 4.79324 0.454176 0.497757 1.27836 8.36634 -0.41467 8.61843 2.38166 0.399792 3.96313 0.9064 0.113041 1.15244  2048 2048 378 0 0 79.5525 2.22519 59.9855 9.2472 0.0195313 0.0146484
2.74117 14.5885 1.54424 4.79324 0.454176 0.497757 1.28666 7.22587 -0.408948 8.61843 2.38166 0.399792 3.96313 0.889004 0.113041 1.06308  2048 2048 379 0 0 79.7192 2.22954 59.9855 9.28971 0.0205078 0.0141602
2.74117 14.5885 1.54424 4.79324 0.454176 0.497757 1.26786 7.22587 -0.41467 8.61843 2.38166 0.924711 3.96313 0.9064 0.113041 0.359203  2048 2048 381 0 0 79.6525 2.38595 59.9855 9.32564 0.0205078 0.0170898
1.77496 14.5885 4.79324 8.9877 0.454176 0.497757 1.26786 7.22587 -0.495376 8.61843 2.38166 0.924711 3.96313 0.9064 0.113041 1.15244  2048 2048 361 0 0 77.9522 2.19145 59.9855 8.98178 1.26709 0.0834961
2.74117 14.5885 1.54424 4.79324 0.454176 0.497757 1.28666 1.3245 -0.495376 8.61843 2.38166 0.399792 3.96313 0.889004 0.113041 1.06308  2048 2048 385 0 0 80.7528 2.42667 59.9856 10.4831 0.0947266 0.0834961
2.74117 14.5885 1.54424 4.79324 0.454176 0.497757 1.26786 7.54936 -0.495376 8.61843 2.38166 0.399792 3.96313 0.9064 0.113041 1.26182  2048 2048 378 0 0 79.6359 2.2347 59.9855 9.24161 0.0185547 0.0136719
2.74117 14.5885 1.54424 4.79324 0.454176 0.497757 1.26786 7.22587 -0.495376 8.61843 2.38166 0.399792 4.53627 0.9064 0.113041 1.06308  2048 2048 377 0 0 79.4192 2.30975 59.9855 9.22805 0.0224609 0.0126953
2.74117 14.5885 1.54424 4.79324 0.454176 0.497757 1.26786 2.34046 -0.495376 8.61843 2.38166 0.924711 3.96313 0.9064 0.113041 1.15244  2048 2048 381 0 0 80.1526 2.35665 59.9855 10.2066 0.0786133 0.0454102
2.74117 14.5885 1.54424 4.79324 0.454176 0.497757 1.27836 7.22587 -0.495376 8.61843 2.38166 0.399792 4.53627 0.9064 0.113041 1.06308  2048 2048 377 0 0 79.3858 2.37313 59.9855 9.22684 0.0214844 0.0126953
2.74117 14.5885 1.54424 4.79324 0.454176 0.497757 1.27836 7.22587 -0.41467 8.61843 2.38166 0.399792 4.53627 0.9064 0.113041 1.06308  2048 2048 377 0 0 79.4692 2.22451 59.9855 9.25153 0.0195313 0.0136719
2.74117 14.5885 1.54424 4.79324 0.454176 0.497757 1.26786 7.22587 -0.495376 8.61843 2.38166 0.924711 3.96313 0.9064 0.113041 1.27012  2048 2048 378 0 0 79.6525 2.2279 59.9855 9.23804 0.0214844 0.0136719
2.74117 17.9601 1.54424 4.79324 0.454176 0.497757 1.28666 7.22587 -0.495376 8.61843 2.38166 0.924711 3.96313 0.9064 0.113041 1.06308  2048 2048 383 0 0 79.8692 2.24897 59.9855 9.3614 0.0253906 0.0786133
2.74117 14.5885 1.54424 4.79324 0.454176 0.497757 1.27836 7.22587 -0.41467 8.61843 2.38166 0.399792 3.96313 0.9064 0.113041 1.06308  2048 2048 379 0 0 79.7192 2.22728 59.9855 9.28477 0.0214844 0.0146484
2.74117 14.5885 1.54424 4.79324 0.454176 0.497757 1.27836 7.22587 -0.495376 8.61843 2.38166 0.924711 3.96313 0.9064 0.113041 1.15244  2048 2048 378 0 0 79.6359 2.21648 59.9855 9.24301 0.0185547 0.0136719
2.74117 14.5885 1.54424 4.79324 0.454176 0.497757 1.26786 7.54936 -0.495376 8.61843 2.38166 0.399792 4.53627 0.9064 0.113041 1.27012  2048 2048 377 0 0 79.2358 2.21806 59.9855 9.2076 0.0205078 0.0136719
2.74117 14.5885 1.54424 4.79324 0.454176 0.497757 1.26786 7.22587 -0.41467 8.61843 2.38166 0.924711 3.96313 0.9064 0.113041 1.06308  2048 2048 378 0 0 79.6359 2.2348 59.9855 9.27294 0.0205078 0.0136719
2.74117 14.5885 1.54424 4.79324 0.454176 0.497757 1.27836 7.22587 -0.495376 8.61843 2.38166 0.924711 3.96313 0.9064 0.113041 1.27012  2048 2048 378 0 0 79.6525 2.35996 59.9855 9.23718 0.0195313 0.0131836
2.74117 14.5885 1.54424 4.79324 0.454176 0.497757 1.28666 7.22587 -0.495376 8.61843 2.38166 0.399792 3.96313 0.9064 0.113041 1.15244  2048 2048 378 0 0 79.6525 2.23478 59.9855 9.25475 0.0195313 0.0146484
2.74117 14.5885 1.54424 4.79324 0.454176 0.497757 1.27836 7.22587 -0.495376 8.61843 2.38166 0.924711 17.351 1.00851 0.113041 1.06308  2048 2048 368 0 0 77.9188 2.22684 59.9855 9.01099 0.308105 0.0888672
2.74117 14.5885 1.54424 4.79324 0.454176 0.497757 1.28666 7.54936 -0.495376 8.61843 2.38166 0.399792 4.53627 0.9064 0.113041 1.06308  2048 2048 377 0 0 79.4192 2.20967 59.9855 9.21881 0.0185547 0.0126953
2.74117 14.5885 4.79324 17.0818 0.454176 0.497757 1.27836 7.22587 -0.495376 8.61843 2.38166 0.924711 3.96313 0.9064 0.113041 1.06308  2048 2048 365 0 0 78.0355 2.33239 59.9855 9.59772 3.10254 3.22559
2.74117 14.5885 1.54424 4.79324 0.454176 0.497757 1.26786 7.54936 -0.495376 8.61843 2.38166 0.399792 3.96313 0.9064 0.113041 0.684835  2048 2048 381 0 0 79.5358 2.15261 59.9855 9.28124 0.0185547 0.0175781
2.74117 14.5885 1.54424 4.79324 0.454176 0.497757 1.28666 7.54936 -0.495376 8.61843 2.38166 0.399792 3.96313 0.9064 0.0554827 1.06308  2048 2048 379 0 0 79.3858 2.14129 59.9855 9.25995 0.0175781 0.0151367
2.74117 14.5885 1.54424 4.79324 0.454176 0.497757 1.27836 7.22587 -0.495376 8.61843 2.38166 3.96313 6.65731 0.9064 0.113041 1.26182  2048 2048 379 0 0 79.0691 2.21207 59.9855 9.25786 0.111328 0.0361328
2.74117 14.5885 1.54424 4.79324 0.454176 0.497757 1.26786 8.36634 -0.495376 8.61843 2.38166 0.399792 4.53627 0.9064 0.113041 1.06308  2048 2048 377 0 0 79.2024 2.26592 59.9855 9.20532 0.0175781 0.0141602
2.74117 14.5885 1.54424 4.79324 0.454176 0.497757 1.27836 7.54936 -0.495376 8.61843 2.38166 0.399792 0.908841 0.889004 0.113041 1.06308  2048 2048 383 0 0 80.1693 2.17265 59.9855 9.47652 0.03125 0.136719
2.74117 14.5885 1.54424 4.79324 0.454176 0.497757 1.27836 7.54936 -0.495376 8.61843 2.38166 0.924711 3.96313 0.9064 0.113041 1.15244  2048 2048 378 0 0 79.5192 2.29209 59.9855 9.23372 0.0205078 0.0151367
2.74117 14.5885 1.54424 4.79324 0.454176 0.497757 1.27836 7.54936 -0.495376 8.61843 2.38166 0.399792 3.96313 0.906339 0.0554827 1.06308  2048 2048 379 0 0 79.3858 2.23189 59.9855 9.26134 0.0166016 0.0146484
2.74117 14.5885 1.54424 4.79324 0.454176 0.497757 1.27836 7.54936 -0.495376 8.61843 2.38166 0.924711 3.96313 0.9064 0.113041 1.26182  2048 2048 378 0 0 79.4858 2.31402 59.9855 9.22839 0.0224609 0.0146484
2.74117 14.5885 1.54424 4.79324 0.454176 0.497757 1.27836 7.54936 -0.495376 8.61843 2.38166 0.399792 13.2914 0.9064 0.113041 0.895291  2048 2048 371 0 0 78.4189 2.17642 59.9855 9.04846 0.214844 0.0351563
2.74117 14.5885 1.54424 4.79324 0.454176 0.497757 1.26786 7.22587 -0.495376 8.61843 2.38166 0.399792 3.96313 0.889004 0.113041 1.15244  2048 2048 378 0 0 79.6359 2.22706 59.9855 9.25915 0.0224609 0.0141602
2.74117 14.5885 1.54424 4.79324 0.454176 0.497757 1.27836 8.77499 -0.495376 8.61843 2.38166 0.399792 4.53627 0.9064 0.113041 1.06308  2048 2048 377 0 0 79.2024 2.34568 59.9855 9.19989 0.0205078 0.0136719
2.74117 14.5885 0.537126 4.79324 0.454176 0.497757 1.28666 7.54936 -0.495376 6.67043 2.38166 0.399792 3.96313 0.889004 0.113041 1.06308  2048 2048 372 0 0 78.3856 2.19049 59.9855 9.11606 0.0390625 0.263184
2.74117 14.5885 1.54424 4.79324 0.454176 1.55675 1.27836 7.54936 -0.495376 8.61843 2.38166 0.399792 3.96313 0.9064 0.113041 1.06308  2048 2048 382 0 0 79.2024 2.20341 59.9855 9.15148 0.0253906 0.126953
2.74117 14.5885 1.54424 4.79324 0.454176 0.497757 1.26786 7.54936 -0.41467 8.61843 2.38166 0.399792 4.53627 0.9064 0.113041 1.06308  2048 2048 377 0 0 79.5525 2.24379 59.9855 9.24098 0.0205078 0.0131836
2.74117 14.5885 1.54424 4.79324 0.454176 0.497757 1.27836 4.53261 -0.495376 8.61843 2.38166 0.924711 3.96313 0.9064 0.113041 1.27012  2048 2048 379 0 0 79.7859 2.25538 59.9855 9.46185 0.0244141 0.019043
2.74117 14.5885 1.54424 4.79324 0.454176 0.497757 0.650349 7.22587 -0.495376 8.61843 2.38166 0.924711 3.96313 0.9064 0.113041 1.15244  2048 2048 377 0 0 80.5861 2.251 59.9856 9.32674 0.0351563 0.00927734
2.74117 14.5885 1.54424 4.79324 0.454176 0.497757 0.97354 7.54936 -0.495376 8.61843 2.38166 0.399792 3.96313 0.889004 0.0554827 1.06308  2048 2048 378 0 0 79.9026 2.24265 59.9855 9.29871 0.0253906 0.0126953
9.79064 14.5885 1.54424 4.79324 0.454176 0.497757 1.27836 7.54936 -0.495376 8.61843 2.38166 0.399792 3.96313 0.889004 0.0554827 1.06308  2048 2048 1007 1435 0 122.012 2.37826 59.9861 8.76891 11.5449 3.79541
2.74117 14.5885 1.54424 1.75359 0.454176 0.497757 1.26786 7.22587 -0.495376 8.61843 2.38166 0.924711 3.96313 0.9064 0.0554827 1.06308  2048 2048 376 0 0 89.4713 2.86484 59.9857 12.9664 22.749 1.26904
2.74117 14.5885 1.54424 4.79324 0.454176 0.497757 1.26786 7.22587 -0.495376 8.61843 2.38166 0.924711 3.96313 0.9064 0.113041 1.26182  2048 2048 378 0 0 79.6859 2.34948 59.9855 9.23838 0.0205078 0.0131836
2.74117 14.5885 1.54424 4.79324 0.454176 0.497757 1.26786 7.22587 -0.41467 8.61843 2.38166 0.924711 3.96313 0.9064 0.113041 1.15244  2048 2048 378 0 0 79.6525 2.22886 59.9855 9.26829 0.0205078 0.0131836
2.74117 14.5885 1.54424 4.79324 0.454176 0.497757 1.26786 0.178533 -0.495376 8.61843 2.38166 0.924711 3.96313 0.9064 0.113041 1.06308  2048 2048 381 0 0 80.4194 2.44017 59.9856 10.4775 0.0844727 0.0708008
2.74117 14.5885 1.54424 4.79324 0.454176 0.497757 1.27836 7.54936 -0.495376 8.61843 2.38166 0.399792 4.53627 0.9064 0.113041 1.26182  2048 2048 377 0 0 79.1691 2.21217 59.9855 9.20773 0.0205078 0.0131836
2.74117 14.5885 4.79324 7.6162 0.454176 0.497757 1.27836 7.22587 -0.495376 8.61843 2.38166 0.924711 3.96313 0.9064 0.113041 0.499405  2048 2048 381 0 0 79.1191 2.20885 59.9855 9.17806 0.0292969 0.258301
2.74117 14.5885 1.54424 4.79324 0.454176 0.497757 1.27836 7.54936 -0.495376 8.20124 2.38166 0.399792 3.96313 0.889004 0.0554827 1.06308  2048 2048 377 0 0 79.1524 2.35659 59.9855 9.20105 0.0224609 0.0380859
2.74117 15.2702 1.54424 4.79324 0.454176 1.38816 1.27836 7.54936 -0.495376 8.61843 2.38166 0.399792 3.96313 0.9064 0.113041 1.27012  2048 2048 383 0 0 79.0024 2.22115 59.9855 9.16271 0.0371094 0.12207
2.74117 14.5885 1.54424 4.79324 0.454176 0.497757 1.26786 7.22587 -0.495376 8.61843 2.38166 0.399792 3.96313 0.9064 0.0554827 1.15244  2048 2048 379 0 0 79.5358 2.23392 59.9855 9.26506 0.0214844 0.015625
2.74117 14.5885 1.54424 4.79324 0.454176 0.497757 1.26786 7.22587 -0.41467 8.61843 2.38166 0.399792 4.53627 0.9064 0.113041 1.15244  2048 2048 377 0 0 79.4525 2.22022 59.9855 9.2478 0.0185547 0.012207
2.74117 14.5885 1.54424 4.79324 0.454176 0.497757 1.27836 7.22587 -0.495376 8.61843 2.38166 0.924711 3.96313 0.9064 0.0554827 1.06308  2048 2048 379 0 0 79.5358 2.23295 59.9855 9.25474 0.0175781 0.0136719
2.74117 14.5885 1.54424 4.79324 0.454176 0.497757 1.26786 7.22587 -0.495376 8.61843 2.38166 0.924711 3.96313 0.9064 1.28404 1.06308  2048 2048 376 0 0 79.2358 2.20314 59.9855 9.22576 0.0898438 0.00830078
2.74117 14.5885 1.54424 4.79324 0.454176 0.497757 1.27836 5.03586 -0.495376 8.61843 2.38166 0.399792 4.53627 0.9064 0.707175 1.06308  2048 2048 376 0 0 79.3858 2.23733 59.9855 9.34184 0.0615234 0.00683594
2.74117 14.5885 1.54424 4.79324 0.454176 0.497757 1.26786 7.22587 -0.495376 8.61843 2.38166 0.399792 3.96313 0.9064 0.113041 1.15244  2048 2048 378 0 0 79.6525 2.2677 59.9855 9.25647 0.0195313 0.0146484
2.74117 14.5885 1.54424 4.79324 0.454176 0.497757 1.26786 7.22587 -0.41467 8.61843 2.38166 0.399792 3.96313 0.9064 0.113041 1.26182  2048 2048 378 0 0 79.6359 2.23541 59.9855 9.27376 0.0224609 0.0141602
2.74117 14.5885 1.54424 4.79324 0.454176 0.497757 1.28666 7.22587 -0.41467 8.61843 2.38166 8.13807 16.0692 0.9064 0.113041 1.06308  2048 2048 377 0 0 80.086 2.25055 59.9855 9.46161 0.105469 0.471191
2.74117 14.5885 1.54424 4.79324 0.454176 0.497757 1.26786 7.22587 -0.495376 8.61843 2.38166 0.399792 3.96313 0.9064 0.113041 1.27012  2048 2048 378 0 0 79.6525 2.24302 59.9855 9.24977 0.0185547 0.0146484
2.74117 5.0441 1.54424 4.79324 0.454176 0.497757 1.26786 7.22587 -0.495376 8.61843 2.38166 0.399792 3.96313 0.9064 0.113041 1.15244  2048 2048 363 0 0 78.0855 2.19433 59.9855 9.00242 2.8042 0
2.74117 14.5885 1.54424 4.79324 0.454176 0.497757 1.27836 7.22587 -0.41467 8.61843 2.38166 0.399792 3.96313 0.889004 0.0554827 1.06308  2048 2048 379 0 0 79.6359 2.21264 59.9855 9.29572 0.0185547 0.0146484
2.74117 14.5885 1.54424 4.79324 0.454176 0.497757 1.28666 7.54936 -0.495376 8.61843 15.822 0.399792 3.96313 0.9064 0.113041 1.06308  2048 1761 388 0 0 409.611 15.0543 60.0057 22.6786 599.263 1.13721
2.74117 14.5885 1.54424 4.79324 0.454176 0.497757 1.26786 7.54936 -0.495376 8.61843 2.38166 3.96313 8.7344 0.9064 0.113041 1.27012  2048 2048 378 0 0 79.0691 2.1305 59.9855 9.17757 0.134277 0.0366211
2.74117 14.5885 1.54424 4.79324 0.454176 0.497757 1.27836 5.67614 -0.495376 8.61843 2.38166 0.399792 3.96313 0.9064 0.113041 1.15244  2048 2048 379 0 0 79.6359 2.2467 59.9855 9.32916 0.0244141 0.015625
3.02042 14.5885 1.54424 4.79324 0.454176 0.497757 1.28666 7.54936 -0.495376 8.61843 2.38166 0.399792 3.96313 0.9064 0.113041 1.06308  2048 2048 386 0 0 80.3527 2.25892 59.9855 9.46032 0.0351563 0.249512
2.74117 14.5885 1.54424 4.79324 0.454176 0.497757 1.27836 7.22587 -0.495376 8.61843 2.38166 0.399792 3.96313 0.9064 0.113041 1.26182  2048 2048 378 0 0 79.6359 2.23125 59.9855 9.2494 0.0175781 0.0136719
2.74117 14.5885 1.54424 4.79324 0.454176 0.497757 1.27836 7.54936 -0.495376 8.61843 2.38166 0.399792 4.53627 0.9064 0.113041 1.27012  2048 2048 377 0 0 79.1691 2.27492 59.9855 9.20711 0.0205078 0.0131836
2.74117 14.5885 1.54424 4.79324 0.454176 0.497757 1.27836 7.22587 -0.495376 8.61843 2.38166 0.924711 3.96313 1.00851 0.113041 1.06308  2048 2048 378 0 0 79.6525 2.18555 59.9855 9.23874 0.0205078 0.0131836
2.74117 14.5885 1.54424 4.79324 0.454176 0.497757 1.27836 7.54936 -0.495376 8.61843 2.38166 0.924711 3.96313 0.9064 0.113041 1.06308  2048 2048 378 0 0 79.6359 2.19312 59.9855 9.23964 0.0175781 0.0146484
2.74117 10.0247 1.54424 4.79324 0.454176 0.497757 1.26786 7.22587 -0.41467 8.61843 2.38166 0.924711 3.96313 0.9064 0.113041 1.15244  2048 2048 370 0 0 79.0691 2.21652 59.9855 9.12703 0.40332 0.00146484
2.74117 14.5885 1.54424 4.79324 0.454176 0.497757 1.28666 7.22587 -0.495376 8.61843 2.38166 0.924711 3.96313 0.9064 0.113041 1.27012  2048 2048 378 0 0 79.6359 2.21004 59.9855 9.23578 0.0205078 0.0146484
2.74117 14.5885 1.54424 4.79324 0.454176 0.497757 1.26786 9.87182 -0.495376 8.61843 2.38166 0.924711 3.96313 0.9064 0.113041 1.15244  2048 2048 378 0 0 79.3858 2.22785 59.9855 9.20938 0.0205078 0.0161133
2.74117 14.5885 1.54424 7.73095 0.454176 0.497757 1.28666 7.22587 -0.41467 8.61843 2.38166 0.399792 4.53627 0.9064 0.113041 1.06308  2048 2048 377 0 0 78.919 2.19573 59.9855 9.18007 0.0517578 0.37793
2.74117 14.5885 1.54424 4.79324 0.454176 0.497757 1.27836 8.36634 -0.41467 8.61843 2.38166 0.399792 4.53627 0.9064 0.113041 1.06308  2048 2048 377 0 0 79.3858 2.25887 59.9855 9.21799 0.0185547 0.0126953
2.74117 14.5885 1.54424 4.79324 0.454176 1.69298 1.26786 7.22587 -0.41467 8.61843 2.38166 0.399792 4.53627 0.889004 0.0554827 1.06308  2048 2048 381 0 0 79.1524 2.19954 59.9855 9.20061 0.0537109 0.137695
2.74117 14.5885 1.54424 4.79324 1.33274 0.497757 1.26786 7.22587 -0.495376 8.61843 2.38166 0.924711 3.96313 0.9064 0.113041 1.15244  2048 2048 378 0 0 79.1858 2.21698 59.9855 9.1584 0.0932617 0.0385742
2.74117 14.5885 1.54424 4.79324 0.454176 0.497757 1.27836 7.54936 -0.495376 8.61843 2.38166 0.399792 7.96716 0.9064 0.0554827 1.06308  2048 2048 377 0 0 78.869 2.18725 59.9855 9.11242 0.0947266 0.00732422
4.11451 14.5885 1.54424 4.79324 0.454176 0.497757 1.27836 8.36634 -0.41467 8.61843 2.38166 0.399792 3.96313 0.9064 0.113041 1.26182  2048 2048 561 179 0 100.674 3.29188 59.9859 15.594 13.7012 3.64063
2.74117 14.5885 1.54424 4.79324 0.454176 0.497757 1.26786 7.22587 -0.495376 8.61843 2.38166 0.399792 4.53627 0.9064 0.113041 1.15244  2048 2048 377 0 0 79.3025 2.12823 59.9855 9.22285 0.0234375 0.012207
2.74117 14.5885 1.54424 4.79324 0.454176 0.497757 1.26786 7.54936 -0.495376 8.61843 2.38166 0.924711 3.96313 0.9064 0.113041 1.06308  2048 2048 378 0 0 79.6359 2.14565 59.9855 9.24063 0.0185547 0.0131836
2.74117 14.5885 1.54424 4.79324 0.454176 0.497757 1.27836 7.54936 -0.41467 8.61843 2.38166 0.399792 14.0141 0.9064 0.113041 1.06308  2048 2048 371 0 0 78.519 2.10347 59.9855 9.05668 0.233887 0.043457
2.74117 14.5885 1.54424 4.79324 0.311838 0.497757 1.26786 7.54936 -0.495376 8.61843 2.38166 0.399792 3.96313 0.9064 0.113041 1.27012  2048 2048 377 0 0 79.4525 2.29162 59.9855 9.2753 0.0234375 0.0112305
2.74117 14.5885 1.54424 4.79324 0.454176 0.497757 1.28666 7.54936 -0.495376 8.61843 2.38166 0.399792 3.96313 1.00851 0.113041 1.06308  2048 2048 378 0 0 79.6359 2.22247 59.9855 9.24236 0.0185547 0.0146484
2.74117 14.5885 1.54424 4.79324 0.454176 0.497757 1.27836 7.54936 -0.495376 0.249031 2.38166 0.399792 3.96313 0.9064 0.113041 1.06308  2048 2048 373 0 0 78.4189 2.20574 59.9855 9.16083 0.191406 2.92334
2.74117 14.5885 1.54424 4.79324 0.454176 0.497757 1.28666 7.22587 -0.41467 8.61843 2.38166 0.399792 3.96313 1.04099 1.39872 0.3343  2048 2048 376 0 0 79.4525 2.22482 59.9855 9.2952 0.0556641 0.00830078
2.74117 14.5885 1.54424 4.79324 0.454176 0.929533 1.26786 7.22587 -0.495376 8.61843 2.38166 0.399792 3.96313 0.710898 0.113041 1.06308  2048 2048 383 0 0 79.3858 2.20804 59.9855 9.21156 0.0234375 0.0541992
2.74117 14.5885 1.54424 4.79324 0.454176 0.497757 1.27836 7.54936 -0.41467 8.61843 2.38166 0.399792 4.53627 0.9064 0.113041 1.06308  2048 2048 377 0 0 79.5358 2.24088 59.9855 9.2404 0.0205078 0.0126953
2.74117 14.5885 1.54424 4.79324 0.454176 0.497757 1.26786 7.22587 -0.41467 8.61843 2.38166 0.399792 4.53627 0.9064 0.0554827 1.06308  2048 2048 377 0 0 79.5358 2.23233 59.9855 9.26208 0.0185547 0.0131836
2.74117 14.5885 0.365001 1.54424 0.454176 0.497757 1.27836 7.54936 -0.495376 8.61843 2.38166 0.399792 3.96313 0.9064 0.113041 1.26182  2048 2048 376 0 0 88.6211 2.77105 59.9857 12.3814 10.916 0.916016
2.74117 14.5885 1.54424 4.79324 0.454176 0.497757 1.26786 7.54936 -0.41467 8.61843 2.38166 0.399792 4.53627 0.9064 0.113041 1.06308  2048 2048 377 0 0 79.5358 2.22726 59.9855 9.24128 0.0205078 0.0131836
2.74117 14.5885 1.54424 11.0276 0.454176 0.497757 1.26786 7.22587 -0.41467 6.87033 2.38166 0.399792 4.53627 0.9064 0.113041 1.06308  2048 2048 369 0 0 78.2689 2.23127 59.9855 9.31439 0.925293 2.65527
2.74117 14.5885 1.54424 4.79324 0.454176 0.497757 1.07706 7.22587 -0.495376 8.61843 2.38166 0.399792 4.53627 0.9064 0.113041 1.06308  2048 2048 377 0 0 79.4192 2.22353 59.9855 9.24711 0.0302734 0.0112305
2.74117 14.5885 1.54424 4.79324 0.454176 0.497757 1.28666 7.22587 -0.41467 8.61843 2.38166 0.399792 4.53627 0.9064 0.0554827 1.06308  2048 2048 378 0 0 79.6359 2.22651 59.9855 9.25944 0.0185547 0.0136719
2.74117 14.5885 1.54424 4.79324 0.454176 0.497757 1.27836 7.54936 -0.495376 8.61843 2.38166 0.399792 4.53627 0.9064 0.0554827 1.06308  2048 2048 377 0 0 79.5358 2.30774 59.9855 9.22781 0.0214844 0.0141602
2.74117 14.5885 1.54424 4.79324 0.454176 0.497757 1.26786 7.54936 -0.495376 8.61843 2.38166 0.924711 3.96313 0.889004 0.113041 1.15244  2048 2048 378 0 0 79.6359 2.23837 59.9855 9.23648 0.0195313 0.0151367
2.74117 14.5885 1.54424 4.79324 0.454176 0.497757 1.28666 7.22587 -0.41467 8.52382 2.38166 0.399792 4.53627 0.9064 0.113041 1.06308  2048 2048 377 0 0 79.3858 2.22754 59.9855 9.23857 0.0214844 0.015625
2.74117 14.5885 1.54424 4.79324 0.454176 0.497757 1.27836 7.22587 -0.495376 8.61843 2.38166 0.399792 3.96313 0.9064 0.0554827 1.06308  2048 2048 379 0 0 79.5358 2.21796 59.9855 9.26967 0.0175781 0.015625
2.74117 14.5885 1.54424 4.79324 0.454176 0.497757 1.26786 3.80352 -0.495376 8.61843 2.38166 0.399792 3.96313 0.242744 0.0554827 1.06308  2048 2048 385 0 0 80.436 2.31942 59.9856 9.76918 0.0214844 0.0756836
2.74117 14.5885 1.54424 4.79324 0.454176 0.497757 1.26786 7.22587 -0.495376 8.61843 2.38166 0.399792 3.96313 0.9064 0.113041 1.06308  2048 2048 379 0 0 79.5192 2.23938 59.9855 9.26214 0.0185547 0.0131836
2.74117 14.5885 1.54424 4.79324 0.454176 0.497757 1.26786 7.54936 -0.495376 8.61843 2.6368 0.399792 3.96313 0.9064 0.113041 1.06308  2048 2048 379 0 0 79.8692 2.30959 59.9855 9.34281 0.0302734 0.00488281
9.31761 14.5885 1.54424 4.79324 0.454176 0.497757 1.26786 7.22587 -0.495376 8.61843 2.38166 0.924711 3.96313 0.9064 0.113041 1.15244  2048 2048 955 1400 0 123.062 2.49422 59.9861 8.99702 11.4536 3.83887
2.74117 14.5885 0.701926 4.79324 0.454176 0.497757 1.28666 7.22587 -0.495376 8.61843 2.38166 0.924711 3.96313 0.9064 0.113041 1.06308  2048 2048 377 0 0 79.6692 2.24022 59.9855 9.2425 0.0283203 0.0136719
2.74117 14.5885 1.54424 4.79324 0.454176 0.497757 1.26786 7.22587 -0.495376 8.61843 2.38166 3.96313 7.48863 0.9064 0.113041 1.06308  2048 2048 379 0 0 79.0691 2.21512 59.9855 9.22295 0.139648 0.0356445
2.74117 14.5885 0.914335 4.79324 0.454176 0.497757 1.26786 7.22587 -0.41467 8.61843 2.38166 0.399792 4.53627 0.727073 0.113041 1.06308  2048 2048 377 0 0 79.6359 2.24002 59.9855 9.26515 0.0263672 0.0170898
2.74117 14.5885 1.54424 4.79324 0.454176 0.497757 1.28666 7.22587 0.421186 8.61843 2.38166 0.399792 4.53627 0.9064 0.344066 1.06308  2048 2048 857 0 0 111.476 4.85177 59.986 23.4756 114.814 3.13281
2.74117 14.5885 1.54424 4.79324 0.454176 0.497757 1.26786 7.22587 -0.495376 8.61843 5.87725 0.399792 4.53627 0.9064 0.113041 1.06308  2048 2028 383 0 0 409.611 6.17281 59.9859 13.8663 95.5498 0.487793
2.74117 14.5885 1.54424 4.79324 0.454176 0.497757 1.27836 7.22587 0.888531 8.61843 2.38166 0.924711 3.96313 0.9064 0.113041 0.831813  2048 2048 2059 3 0 150.324 6.31992 59.9904 30.1991 86.8301 2.77441
2.74117 14.5885 1.54424 4.79324 0.454176 1.94165 1.26786 7.22587 -0.495376 8.61843 2.38166 0.924711 3.96313 0.9064 0.113041 1.15244  2048 2048 381 0 0 78.9524 2.22707 59.9855 9.15718 0.0458984 0.165527
2.74117 14.5885 1.54424 4.79324 0.454176 0.497757 1.27836 7.22587 -0.495376 8.61843 6.59383 0.399792 3.96313 0.9064 0.113041 1.27012  2048 2022 385 0 0 409.611 6.93896 59.986 15.1067 142.495 0.600586
2.74117 14.5885 1.54424 4.79324 0.454176 0.497757 0.965056 7.54936 -0.495376 8.61843 2.38166 0.399792 3.96313 0.9064 0.113041 1.06308  2048 2048 377 0 0 79.9026 2.2367 59.9855 9.29046 0.0263672 0.0102539
2.74117 14.5885 1.54424 4.79324 0.454176 0.497757 0.652425 7.22587 -0.41467 8.61843 2.38166 0.399792 3.96313 0.9064 0.113041 1.06308  2048 2048 377 0 0 80.5361 2.24721 59.9856 9.36699 0.0263672 0.0102539
2.74117 14.5885 1.54424 4.79324 0.454176 0.497757 1.27836 7.54936 -0.495376 8.61843 2.38166 0.399792 3.96313 0.9064 0.113041 1.15244  2048 2048 378 0 0 79.5525 2.24116 59.9855 9.24765 0.0185547 0.0151367
2.74117 14.5885 1.54424 4.79324 0.454176 0.497757 1.28666 7.22587 -0.495376 8.61843 2.38166 0.399792 3.96313 0.889004 0.113041 1.06308  2048 2048 379 0 0 79.5192 2.22106 59.9855 9.26195 0.0175781 0.0141602
2.74117 14.5885 1.54424 4.79324 0.454176 0.497757 1.28666 7.22587 0.463393 8.61843 2.38166 0.399792 4.53627 0.9064 0.113041 1.06308  2048 2048 982 0 0 114.96 4.71964 59.986 24.0755 108.246 2.99414
2.74117 14.5885 1.54424 4.79324 0.454176 0.497757 1.28666 7.22587 0.476348 8.61843 2.38166 0.399792 4.53627 0.9064 0.113041 1.06308  2048 2048 1021 0 0 116.444 4.91918 59.9861 24.3812 108.251 3.0791
2.74117 10.3146 1.54424 4.79324 0.454176 0.497757 1.26786 7.22587 0.275063 8.61843 2.38166 0.399792 4.53627 0.9064 0.113041 1.06308  2048 2048 478 0 0 90.3715 3.53724 59.9857 17.1481 36.2671 0.859375
2.74117 14.5885 1.54424 4.79324 0.454176 1.93939 1.27836 8.36634 -0.41467 8.61843 2.38166 0.924711 3.96313 0.9064 0.113041 1.06308  2048 2048 381 0 0 78.9524 2.23111 59.9855 9.15287 0.0410156 0.171387
2.74117 14.5885 1.54424 4.79324 0.454176 0.497757 1.27836 8.36634 -0.495376 8.61843 2.38166 0.399792 4.53627 0.9064 0.113041 1.06308  2048 2048 377 0 0 79.2358 2.12381 59.9855 9.20478 0.0214844 0.0136719
2.74117 14.5885 1.54424 4.79324 0.454176 0.497757 1.26786 7.22587 -0.495376 8.61843 2.38166 0.924711 3.96313 1.00851 0.113041 1.06308  2048 2048 378 0 0 79.6359 2.1353 59.9855 9.24016 0.0234375 0.0131836
2.74117 14.5885 1.54424 4.79324 0.454176 0.497757 1.26786 2.23884 -0.495376 8.61843 2.38166 0.924711 3.96313 0.9064 0.113041 1.06308  2048 2048 381 0 0 80.186 2.4012 59.9855 10.2515 0.0576172 0.0483398
2.74117 14.5885 1.54424 4.79324 0.454176 0.497757 1.26786 7.22587 -0.41467 8.61843 2.38166 0.399792 3.96313 0.9064 0.113041 1.27012  2048 2048 378 0 0 79.6359 2.23068 59.9855 9.27333 0.0205078 0.0141602
2.74117 14.5885 1.54424 4.79324 0.454176 0.497757 1.28666 7.54936 -0.495376 8.61843 2.38166 0.399792 3.96313 0.9064 0.113041 1.27012  2048 2048 378 0 0 79.6359 2.23344 59.9855 9.23978 0.0175781 0.0151367
2.74117 14.5885 1.54424 4.79324 0.454176 0.497757 1.27836 7.54936 -0.495376 8.61843 2.38166 0.399792 4.53627 0.9064 0.113041 1.15244  2048 2048 377 0 0 79.2858 2.2147 59.9855 9.21385 0.0214844 0.012207
2.74117 14.5885 1.54424 4.79324 0.454176 0.0414441 1.28666 7.22587 -0.495376 8.61843 2.38166 0.924711 3.96313 0.9064 0.113041 1.06308  2048 2048 377 0 0 80.1526 2.29994 59.9855 9.51555 0.0439453 0.00976563
2.74117 14.5885 1.54424 4.79324 0.454176 0.619343 1.27836 7.22587 -0.495376 8.61843 2.38166 0.399792 3.96313 1.00851 0.113041 1.06308  2048 2048 378 0 0 79.5192 2.22516 59.9855 9.226 0.0332031 0.019043
2.74117 14.5885 1.54424 4.79324 0.454176 0.497757 1.26786 7.54936 -0.495376 8.61843 2.38166 3.96313 8.02087 0.9064 0.113041 1.15244  2048 2048 378 0 0 79.0691 2.19947 59.9855 9.19872 0.136719 0.0327148
2.74117 14.5885 1.54424 4.79324 0.454176 0.497757 1.26786 7.54936 -0.495376 8.61843 13.9775 0.399792 3.96313 0.9064 0.113041 1.27012  2048 1847 388 0 0 409.611 13.9418 60.0055 25.3554 653.866 1.02148
2.74117 14.5885 1.54424 4.79324 0.454176 0.497757 1.27836 7.22587 -0.495376 8.61843 2.38166 0.399792 3.96313 0.889004 0.0554827 1.06308  2048 2048 379 0 0 79.6359 2.26947 59.9855 9.27156 0.0175781 0.015625
2.74117 14.5885 1.54424 4.79324 0.454176 0.497757 1.26786 7.22587 -0.182806 8.61843 2.38166 0.924711 3.96313 0.9064 0.113041 1.06308  2048 2048 379 0 0 79.7359 2.28613 59.9855 9.64427 0.0195313 0.0234375
2.74117 14.5885 1.54424 4.79324 1.66723 0.497757 1.27836 8.36634 -0.495376 8.61843 2.38166 0.399792 3.96313 0.9064 0.113041 1.06308  2048 2048 379 0 0 78.919 2.21396 59.9855 9.13103 0.0976563 0.0668945
2.74117 14.5885 1.54424 4.79324 0.454176 1.92328 1.27836 7.22587 -0.495376 8.61843 2.38166 0.399792 3.96313 0.9064 0.113041 1.27012  2048 2048 381 0 0 78.9691 2.22144 59.9855 9.16293 0.0478516 0.169922
2.74117 14.5885 1.54424 4.79324 0.454176 0.497757 1.26786 7.54936 -0.495376 8.61843 2.38166 0.399792 3.96313 0.9064 0.113041 1.15244  2048 2048 378 0 0 79.6359 2.35208 59.9855 9.24833 0.0195313 0.0151367
2.74117 14.5885 1.54424 4.79324 0.454176 0.497757 1.26786 7.54936 -0.495376 8.61843 2.38166 0.924711 3.96313 0.9064 0.113041 1.15244  2048 2048 378 0 0 79.5192 2.14652 59.9855 9.23476 0.0195313 0.0141602
9.79156 14.5885 1.54424 4.79324 0.454176 0.497757 1.27836 7.22587 -0.495376 8.61843 2.38166 0.924711 3.96313 0.9064 0.113041 1.27012  2048 2048 993 1423 0 122.212 2.462 59.9861 8.76262 11.5313 3.90527
2.74117 14.5885 1.54424 4.79324 0.454176 0.497757 1.27836 7.54936 -0.495376 8.61843 2.38166 0.399792 4.53627 0.889004 0.0554827 1.06308  2048 2048 377 0 0 79.5525 2.23492 59.9855 9.22973 0.0214844 0.0141602
2.74117 14.5885 1.54424 4.79324 0.454176 1.22599 0.874416 7.22587 -0.495376 8.61843 2.38166 0.399792 3.96313 0.889004 0.0554827 1.27012  2048 2048 379 0 0 79.3025 2.22208 59.9855 9.19182 0.0283203 0.0478516
2.74117 14.5885 1.54424 4.79324 0.454176 0.497757 1.26786 7.22587 -0.41467 8.61843 2.38166 0.399792 6.70675 0.9064 0.0554827 1.06308  2048 2048 377 0 0 78.9691 2.19371 59.9855 9.17095 0.0727539 0.0102539
2.74117 6.70492 1.54424 4.79324 0.454176 0.497757 1.28666 7.54936 -0.41467 8.61843 2.38166 0.399792 3.96313 0.9064 0.113041 1.06308  2048 2048 365 0 0 78.5356 2.2 59.9855 9.03897 1.49805 0
1.42125 14.5885 1.54424 4.79324 0.454176 0.497757 1.26786 7.22587 -0.41467 8.61843 2.38166 0.399792 4.53627 0.9064 0.113041 1.24534  2048 2048 352 0 0 77.4187 2.17565 59.9855 9.05842 21.2222 0
2.74117 14.5885 1.54424 4.79324 0.454176 0.497757 1.27836 8.36634 -0.495376 8.61843 2.38166 0.399792 3.96313 0.9064 0.113041 1.27012  2048 2048 378 0 0 79.5192 2.22279 59.9855 9.22693 0.0214844 0.0146484
2.74117 14.5885 1.54424 4.79324 0.454176 0.497757 1.27836 7.22587 -0.495376 8.61843 19.6625 0.924711 3.96313 0.9064 0.113041 1.06308  2048 1659 389 190 0 409.611 17.6835 60.0056 16.8264 341.745 1.13574
2.74117 14.5885 1.54424 4.79324 0.454176 0.497757 1.27836 8.36634 -0.41467 8.61843 2.38166 0.399792 3.96313 0.889004 0.0554827 1.06308  2048 2048 379 0 0 79.3858 2.2919 59.9855 9.26333 0.0166016 0.0151367
2.74117 14.5885 1.54424 4.79324 0.454176 0.497757 1.28666 7.22587 -0.495376 8.61843 2.38166 3.96313 11.7441 0.9064 0.113041 1.06308  2048 2048 378 0 0 79.0691 2.19786 59.9855 9.13289 0.139648 0.0874023
2.74117 14.5885 4.79324 9.78607 0.454176 0.497757 1.28666 7.54936 -0.495376 8.61843 2.38166 0.399792 3.96313 0.9064 0.113041 1.06308  2048 2048 376 0 0 78.719 2.18997 59.9855 9.1374 0.273438 1.05859
2.74117 14.5885 1.54424 4.79324 0.454176 0.497757 1.26786 7.54936 -0.495376 8.61843 2.38166 0.399792 3.96313 1.00851 0.113041 1.06308  2048 2048 378 0 0 79.6359 2.21958 59.9855 9.24393 0.0185547 0.0151367
