100
3.03995 15.4979 5.73626 7.28904 3.04117 6.43635 0.757653 0.254341 1.3513 0.924711 3.96313 1.68474 0.500381 1.47679  2048 2048 390 0 0 80.5027 2.95663 59.9856 10.5592 0.148926 0.0380859
3.03995 15.4979 5.73626 7.28904 3.04117 6.43635 0.763451 0.254341 1.3513 0.924711 3.96313 1.68474 0.500381 1.47679  2048 2048 390 0 0 80.5027 2.93628 59.9856 10.5585 0.152832 0.0375977
3.03995 15.4979 5.73626 6.69942 3.04117 6.43635 0.763451 0.254341 0.86343 0.924711 3.96313 1.33403 0.567034 1.47679  2048 2048 389 0 0 80.7028 2.93028 59.9856 10.628 0.118164 0.0629883
3.03995 15.4979 5.73626 7.28904 3.04117 6.43635 0.757653 0.254341 1.3513 0.924711 3.96313 1.89917 0.567034 1.26182  2048 2048 390 0 0 80.5361 2.69465 59.9856 10.5595 0.15625 0.0366211
3.03995 15.4979 5.73626 6.69942 3.04117 6.43635 0.763451 0.254341 0.86343 0.924711 3.96313 1.33403 0.500381 1.47679  2048 2048 389 0 0 80.7528 2.64517 59.9856 10.6306 0.118652 0.0639648
3.03995 15.4979 5.73626 7.28904 3.04117 6.43635 0.763451 0.254341 1.3513 0.924711 3.96313 1.89917 0.567034 1.26182  2048 2048 390 0 0 80.5194 2.72768 59.9856 10.5577 0.157715 0.0371094
3.03995 15.4979 5.73626 7.28904 3.04117 6.43635 0.763451 0.254341 1.3513 0.924711 3.96313 1.68474 0.567034 1.68487  2048 2048 390 0 0 80.5527 2.75908 59.9856 10.5414 0.158203 0.0356445
3.03995 15.4979 5.73626 7.28904 3.04117 6.43635 0.763451 0.254341 1.67949 0.924711 3.96313 1.89917 0.567034 1.47679  2048 2048 390 0 0 80.4194 2.53799 59.9856 10.5019 0.148438 0.0532227
3.03995 15.4979 5.73626 7.28904 3.04117 6.43635 0.757653 0.254341 1.3513 0.924711 3.96313 1.68474 0.567034 1.47679  2048 2048 390 0 0 80.6361 2.70249 59.9856 10.5572 0.15332 0.0375977
3.03995 15.4979 5.73626 7.28904 3.04117 6.43635 0.763451 0.254341 1.3513 0.924711 3.96313 1.68474 0.567034 1.26182  2048 2048 390 0 0 80.5027 2.65788 59.9856 10.5722 0.15625 0.0419922
8.11914 15.4979 5.73626 7.28904 3.04117 6.43635 0.757653 0.254341 1.3513 0.924711 3.96313 1.68474 0.500381 1.47679  2048 2048 1054 1361 0 125.029 3.13115 59.9861 10.2639 13.1362 3.58301
3.03995 15.4979 5.73626 7.28904 3.04117 6.43635 0.763451 0.254341 1.3513 0.924711 3.96313 1.89917 0.500381 1.47679  2048 2048 390 0 0 80.486 2.62461 59.9856 10.5443 0.165039 0.034668
3.03995 15.4979 5.73626 7.28904 3.04117 48.3749 0.763451 0.254341 1.3513 0.924711 3.96313 1.68474 0.567034 1.68487  2048 2048 397 0 0 80.7694 3.1485 59.9856 12.5024 9.17773 3.8335
3.03995 15.4979 5.73626 6.69942 3.04117 6.43635 0.763451 0.254341 0.86343 0.924711 3.96313 1.68474 0.500381 1.47679  2048 2048 389 0 0 80.8861 2.65798 59.9856 10.6085 0.125 0.0541992
3.03995 15.4979 5.73626 6.69942 3.04117 6.43635 0.757653 0.254341 0.86343 0.924711 3.96313 1.89917 0.567034 1.47679  2048 2048 388 0 0 81.1362 2.65165 59.9856 10.5959 0.160156 0.0419922
3.03995 15.4979 5.73626 7.28904 3.04117 6.43635 0.757653 0.254341 1.3513 0.924711 3.96313 1.89917 0.567034 1.68487  2048 2048 389 0 0 80.486 2.70366 59.9856 10.5297 0.192871 0.0288086
3.03995 15.4979 5.73626 7.28904 3.04117 6.43635 0.763451 0.254341 1.67949 0.924711 3.96313 1.68474 1.02805 1.47679  2048 2048 390 0 0 80.436 2.71886 59.9856 10.5043 0.165039 0.0507813
3.03995 15.4979 5.73626 7.28904 3.04117 6.43635 0.763451 0.254341 1.3513 0.924711 3.96313 1.89917 0.567034 1.68487  2048 2048 389 0 0 80.486 2.66369 59.9856 10.5274 0.179199 0.03125
3.03995 15.4979 5.73626 7.28904 3.04117 6.43635 0.763451 0.254341 1.3513 0.924711 3.96313 1.33403 0.567034 1.26182  2048 2048 391 0 0 80.6361 2.69788 59.9856 10.5955 0.175781 0.0576172
3.03995 15.4979 5.73626 6.69942 3.04117 6.43635 0.757653 0.254341 1.3513 0.924711 3.96313 1.68474 0.567034 1.47679  2048 2048 390 0 0 80.6361 2.6176 59.9856 10.5263 0.13916 0.0859375
3.03995 15.4979 5.73626 6.69942 3.04117 6.43635 0.763451 0.254341 1.3513 0.924711 3.96313 1.68474 0.567034 1.68487  2048 2048 390 0 0 80.6194 2.6349 59.9856 10.5117 0.131836 0.0820313
3.03995 15.4979 5.73626 6.69942 6.43635 20.2963 0.763451 0.254341 1.3513 0.924711 3.96313 1.68474 0.500381 1.47679  2048 2048 390 0 0 79.6859 2.83349 59.9855 10.6914 4.40771 3.31738
3.03995 15.4979 5.73626 7.28904 3.04117 6.43635 0.757653 0.254341 1.3513 0.924711 3.96313 1.89917 0.567034 1.47679  2048 2048 390 0 0 80.6194 2.70505 59.9856 10.5424 0.161621 0.0351563
3.03995 15.4979 5.73626 7.28904 3.04117 47.4303 0.763451 0.254341 1.3513 0.924711 3.96313 1.33403 0.500381 1.47679  2048 2048 398 0 0 80.9361 3.12951 59.9856 12.51 9.05908 4.04004
3.03995 15.4979 5.73626 7.28904 3.04117 6.43635 0.757653 0.254341 1.3513 0.924711 3.96313 1.68474 0.500381 1.68487  2048 2048 390 0 0 80.7028 2.67388 59.9856 10.545 0.156738 0.0361328
3.03995 15.4979 5.73626 7.28904 3.04117 6.43635 0.763451 0.254341 1.3513 0.924711 3.96313 1.68474 0.567034 1.47679  2048 2048 390 0 0 80.5861 2.75803 59.9856 10.5551 0.157227 0.0390625
3.03995 15.4979 5.73626 7.28904 3.04117 6.43635 0.757653 1.38816 1.3513 0.924711 3.96313 1.68474 0.567034 1.47679  2048 2048 391 0 0 80.0359 2.7499 59.9855 10.3878 0.178711 0.362305
9.74792 15.4979 5.73626 6.69942 3.04117 6.43635 0.763451 0.254341 1.3513 0.924711 3.96313 1.33403 0.636799 1.47679  2048 2048 1032 1423 1 126.829 3.15269 59.9861 9.45111 13.1392 3.77295
3.03995 15.4979 5.73626 6.69942 3.04117 6.43635 0.763451 0.254341 1.67949 0.924711 3.96313 1.33403 0.567034 1.47679  2048 2048 390 0 0 80.3193 2.68598 59.9855 10.5086 0.115234 0.140137
3.03995 15.4979 5.73626 7.28904 6.43635 16.3671 0.763451 0.254341 1.3513 0.924711 3.96313 1.68474 0.567034 1.26182  2048 2048 390 0 0 79.6859 2.74246 59.9855 10.4582 2.45605 2.65967
3.03995 15.4979 5.73626 6.69942 3.04117 6.43635 0.763451 0.254341 1.3513 0.924711 3.96313 1.33403 0.500381 1.47679  2048 2048 390 0 0 80.7028 2.67522 59.9856 10.548 0.124023 0.110352
3.03995 15.4979 5.73626 7.28904 3.04117 6.43635 0.757653 0.254341 1.3513 0.924711 3.96313 1.68474 0.192083 1.47679  2048 2048 390 0 0 80.7528 2.69076 59.9856 10.5746 0.193359 0.0449219
3.03995 15.4979 5.73626 7.28904 3.04117 6.43635 0.763451 0.254341 0.86343 0.924711 3.96313 1.33403 0.500381 1.47679  2048 2048 389 0 0 80.8028 2.64389 59.9856 10.6674 0.163574 0.0234375
3.03995 15.4979 5.73626 7.28904 3.04117 6.43635 0.757653 0.254341 0.0541398 0.924711 3.96313 1.33403 0.567034 1.47679  2048 2048 385 0 0 83.8868 2.81212 59.9856 10.9974 0.34375 0.0102539
3.03995 15.4979 5.73626 7.28904 3.04117 6.43635 0.757653 0.254341 1.3513 0.924711 3.96313 1.68474 0.567034 1.26182  2048 2048 390 0 0 80.5027 2.64282 59.9856 10.5743 0.158691 0.0400391
3.03995 15.4979 5.73626 7.28904 3.04117 6.43635 0.757653 0.254341 1.67949 0.924711 3.96313 1.89917 0.567034 1.47679  2048 2048 390 0 0 80.4194 2.6936 59.9856 10.5022 0.158691 0.0541992
3.03995 15.4979 5.73626 6.69942 3.04117 6.43635 0.763451 0.254341 0.86343 0.924711 3.96313 1.89917 0.500381 1.47679  2048 2048 388 0 0 81.1362 2.69894 59.9856 10.5944 0.140137 0.0458984
3.03995 15.4979 5.73626 7.28904 3.04117 6.43635 0.763451 0.254341 0.331248 0.924711 3.96313 1.89917 0.500381 1.47679  2048 2048 387 0 0 82.2531 2.77896 59.9856 10.787 0.259766 0.00732422
3.03995 15.4979 5.73626 7.28904 3.04117 6.43635 0.763451 0.254341 1.3513 0.924711 3.96313 0.441237 0.500381 1.47679  2048 2048 391 0 0 80.7528 2.70994 59.9856 10.6726 0.16748 0.116211
3.03995 17.3809 5.73626 7.28904 3.04117 6.43635 0.763451 0.254341 1.3513 0.924711 3.96313 1.68474 0.567034 1.26182  2048 2048 391 0 0 80.8528 2.69676 59.9856 10.6459 0.0986328 0.10498
3.03995 15.4979 5.73626 7.28904 3.04117 22.0023 0.763451 1.95898 1.3513 0.291757 0.924711 1.89917 0.567034 1.26182  2048 663 12647 133 0 409.611 42.7367 59.9862 55.9084 458.957 45.4619
3.03995 15.4979 5.73626 6.69942 3.04117 6.43635 0.763451 0.254341 0.86343 0.924711 3.96313 1.33403 0.500381 1.12375  2048 2048 389 0 0 80.8861 2.93077 59.9856 10.6565 0.12793 0.0761719
3.03995 15.4979 5.73626 6.69942 3.04117 6.43635 0.763451 0.254341 1.17557 0.924711 3.96313 1.33403 0.567034 1.47679  2048 2048 389 0 0 80.5527 3.41635 59.9856 10.5727 0.145508 0.0854492
3.03995 15.4979 5.73626 7.28904 3.04117 6.43635 1.66008 0.254341 1.3513 0.924711 3.96313 0.716575 0.500381 1.26182  2048 2048 391 0 0 80.3027 3.25828 59.9855 10.4866 0.133301 0.275879
3.03995 15.4979 5.73626 6.69942 3.04117 6.43635 0.763451 0.254341 0.86343 0.924711 3.96313 1.19169 0.567034 1.47679  2048 2048 389 0 0 80.8361 2.71178 59.9856 10.6384 0.129883 0.0668945
3.03995 15.4979 5.73626 7.28904 3.04117 6.43635 0.763451 0.254341 0.86343 0.924711 3.96313 1.33403 0.567034 1.68487  2048 2048 389 0 0 80.9862 2.88706 59.9856 10.6508 0.174805 0.0229492
3.03995 15.4979 5.73626 7.28904 3.04117 6.43635 0.763451 0.254341 0.86343 0.924711 3.96313 1.33403 0.567034 1.47679  2048 2048 389 0 0 80.9361 2.80521 59.9856 10.6645 0.157715 0.0239258
3.03995 15.4979 5.73626 7.28904 3.04117 6.43635 0.763451 0.254341 1.3513 0.924711 4.94583 1.68474 0.500381 1.47679  2048 2048 388 0 0 80.0026 3.14411 59.9855 10.4779 0.23877 0.034668
4.70626 15.4979 5.73626 7.28904 3.04117 6.43635 0.763451 0.254341 1.3513 0.924711 3.96313 1.89917 0.567034 1.26182  2048 2048 771 623 0 106.758 4.07113 59.986 15.0994 15.3467 3.29346
3.03995 15.4979 5.73626 7.28904 3.04117 6.43635 0.763451 0.254341 1.67949 0.924711 3.96313 1.68474 0.567034 1.47679  2048 2048 390 0 0 80.3193 2.95532 59.9855 10.5142 0.154297 0.0620117
3.03995 15.4979 5.73626 7.28904 3.04117 6.43635 0.763451 0.254341 0.86343 0.924711 3.96313 1.68474 0.500381 1.47679  2048 2048 389 0 0 81.5029 2.79587 59.9856 10.6413 0.172363 0.0175781
8.07031 15.4979 5.73626 7.28904 3.04117 6.43635 0.763451 0.254341 1.67949 0.924711 3.96313 1.89917 0.567034 1.68487  2048 2048 1022 1367 0 120.745 3.47072 59.9861 10.1841 13.2485 3.46289
3.03995 15.4979 5.73626 7.28904 3.04117 6.43635 0.763451 0.254341 1.67949 0.924711 3.96313 1.89917 0.567034 0.654683  2048 2048 391 0 0 80.4527 2.84255 59.9856 10.567 0.145508 0.0722656
3.03995 15.4979 5.73626 7.28904 3.04117 6.43635 0.763451 0.254341 1.3513 0.924711 3.96313 0.29725 0.567034 1.47679  2048 2048 391 0 0 80.7694 2.96083 59.9856 10.6892 0.158203 0.131348
3.03995 15.4979 5.73626 7.28904 3.04117 6.43635 0.763451 0.254341 1.3513 0.924711 3.96313 1.5031 0.500381 1.47679  2048 2048 390 0 0 80.5194 2.74461 59.9856 10.5722 0.15625 0.0429688
3.03995 15.4979 5.73626 7.28904 3.04117 28.7835 0.763451 0.254341 1.3513 0.924711 3.96313 1.68474 0.567034 1.47679  2048 2048 396 0 0 80.2027 3.41106 59.9855 11.3411 6.10986 3.65332
3.03995 15.4979 5.73626 7.28904 3.04117 6.43635 0.763451 0.254341 1.3513 0.924711 3.96313 1.68474 0.500381 1.26182  2048 2048 390 0 0 80.486 2.78573 59.9856 10.5743 0.160156 0.0415039
3.03995 15.4979 5.73626 6.69942 3.04117 6.43635 0.763451 0.254341 0.86343 0.924711 3.96313 1.89917 0.567034 1.47679  2048 2048 388 0 0 81.0528 2.81869 59.9856 10.5943 0.158203 0.0429688
3.03995 15.4979 5.73626 7.28904 3.04117 8.03247 0.757653 0.254341 1.3513 0.924711 3.96313 0.583209 0.500381 1.47679  2048 2048 391 0 0 80.3027 2.74157 59.9855 10.487 0.117676 0.36084
3.03995 15.4979 5.73626 7.28904 3.04117 6.43635 0.757653 0.254341 1.3513 0.924711 3.96313 1.68474 1.4135 1.47679  2048 2048 388 0 0 80.5027 2.74531 59.9856 10.5413 0.246094 0.027832
3.03995 15.4979 5.73626 7.28904 3.04117 6.43635 0.763451 0.254341 1.3513 0.924711 3.96313 1.89917 0.567034 1.47679  2048 2048 390 0 0 80.6194 2.68934 59.9856 10.541 0.170898 0.034668
3.03995 15.4979 5.73626 7.28904 3.04117 6.43635 0.763451 0.254341 1.3513 0.924711 3.96313 1.33403 0.500381 1.47679  2048 2048 390 0 0 80.5361 2.72813 59.9856 10.5847 0.16748 0.0537109
3.03995 15.4979 5.73626 13.8902 3.04117 25.3105 0.757653 0.254341 1.16086 0.924711 3.96313 1.68474 0.567034 1.47679  2048 2048 391 0 0 79.7692 2.95482 59.9855 10.6441 2.93994 2.94873
3.03995 15.4979 5.73626 7.28904 3.04117 6.43635 0.763451 0.254341 0.86343 0.924711 3.96313 1.89917 0.567034 1.26182  2048 2048 388 0 0 81.4196 2.78586 59.9856 10.642 0.191895 0.0175781
3.03995 15.4979 7.45537 7.28904 3.04117 6.43635 0.763451 0.254341 1.3513 3.96313 18.6633 1.68474 0.500381 1.47679  2048 2048 378 0 0 79.6359 2.67303 59.9855 10.3799 1.27832 0.0932617
3.03995 15.4979 5.73626 7.28904 3.04117 6.43635 0.757653 0.254341 1.3513 0.924711 8.01294 1.68474 0.500381 1.47679  2048 2048 386 0 0 79.4525 2.7123 59.9855 10.3728 0.548828 0.0302734
3.03995 15.4979 5.73626 3.49742 3.04117 6.43635 0.757653 0.254341 1.3513 0.924711 3.96313 1.72637 0.567034 1.47679  2048 2048 386 0 0 79.8192 2.75963 59.9855 10.4185 0.297852 1.14648
3.03995 15.6151 5.73626 7.28904 3.04117 6.43635 0.763451 0.254341 1.67949 0.924711 3.96313 1.89917 0.567034 1.47679  2048 2048 390 0 0 80.3527 2.68208 59.9855 10.5055 0.148438 0.0581055
3.03995 15.4979 5.73626 12.4369 3.04117 6.43635 0.757653 0.254341 1.3513 2.95297 3.96313 1.89917 0.567034 1.26182  2048 2048 392 0 0 83.5534 2.87762 59.9856 11.2747 1.97363 0
3.03995 15.4979 5.73626 7.28904 3.04117 6.43635 0.763451 0.254341 1.3513 0.924711 3.96313 1.33403 0.567034 1.47679  2048 2048 390 0 0 80.7028 2.77722 59.9856 10.5807 0.171387 0.0561523
7.83105 15.4979 5.73626 7.28904 3.04117 6.43635 0.260445 0.254341 1.67949 0.924711 3.96313 1.89917 0.567034 1.47679  2048 2048 1005 1368 0 121.461 3.42324 59.9861 10.3369 13.5024 3.49805
3.03995 15.4979 5.73626 6.69942 3.04117 6.43635 0.763451 0.254341 1.3513 0.924711 3.96313 1.89917 0.500381 1.47679  2048 2048 390 0 0 80.7028 2.74288 59.9856 10.5159 0.132813 0.0810547
3.03995 5.07584 5.73626 7.28904 3.04117 6.43635 0.763451 0.254341 1.67949 0.924711 3.96313 1.89917 0.567034 1.47679  2048 2048 371 0 0 79.0024 2.74987 59.9855 10.1805 3.90967 0
3.03995 15.4979 5.73626 6.69942 3.04117 6.43635 0.763451 0.254341 1.3513 0.924711 3.96313 1.68474 0.567034 1.47679  2048 2048 390 0 0 80.6194 2.67398 59.9856 10.5239 0.125488 0.0893555
3.03995 15.4979 5.73626 6.69942 3.04117 6.43635 0.763451 0.254341 0.86343 0.924711 3.96313 1.89917 0.567034 1.26182  2048 2048 388 0 0 81.2529 2.8411 59.9856 10.6094 0.146973 0.050293
3.03995 15.4979 5.73626 6.69942 3.04117 6.43635 0.763451 0.254341 1.3513 0.924711 3.96313 1.33403 0.567034 1.26182  2048 2048 390 0 0 80.7028 2.78756 59.9856 10.5589 0.133301 0.118652
3.03995 15.4979 5.73626 7.28904 3.04117 6.43635 0.757653 0.254341 1.3513 0.924711 3.96313 1.89917 0.500381 1.47679  2048 2048 390 0 0 80.486 2.91037 59.9856 10.5454 0.166504 0.034668
0.943022 15.4979 5.73626 7.28904 3.04117 6.43635 0.763451 0.229255 1.3513 0.924711 3.96313 1.68474 0.567034 1.26182  2048 2048 356 0 0 78.619 2.65931 59.9855 10.3689 69.8638 0
3.03995 15.4979 9.65819 7.28904 3.04117 6.43635 0.757653 0.254341 1.3513 0.924711 3.96313 1.33403 1.98358 1.47679  2048 1967 394 0 0 409.611 11.978 59.9929 19.149 125.538 0.838867
3.03995 15.4979 5.73626 7.28904 0.878933 6.43635 0.763451 0.254341 1.3513 0.924711 3.96313 1.68474 0.500381 1.47679  2048 2048 389 0 0 80.3027 2.80325 59.9855 10.494 0.264648 0.0322266
3.03995 15.4979 5.73626 6.69942 3.04117 6.43635 0.757653 0.254341 0.86343 0.924711 5.8211 1.33403 0.500381 1.47679  2048 2048 387 0 0 80.086 2.75919 59.9855 10.5049 0.344727 0.0493164
3.03995 15.4979 5.73626 7.28904 3.04117 6.43635 0.763451 0.254341 1.3513 3.96313 19.1528 1.68474 0.567034 1.68487  2048 2048 374 0 0 79.4192 2.82479 59.9855 10.3808 0.566406 1.34668
3.03995 15.4979 5.73626 6.69942 2.33314 6.43635 0.763451 0.254341 0.86343 0.924711 3.96313 1.33403 0.567034 1.47679  2048 2048 388 0 0 80.3527 2.82522 59.9855 10.5761 0.234863 0.0537109
3.03995 15.4979 5.73626 7.28904 3.04117 6.43635 0.757653 0.254341 0.86343 0.924711 3.96313 1.68474 0.567034 1.47679  2048 2048 388 0 0 81.4529 2.78603 59.9856 10.6425 0.199219 0.0170898
3.03995 15.4979 5.73626 6.69942 3.04117 6.43635 0.763451 0.254341 1.67949 0.924711 3.96313 1.89917 0.567034 1.47679  2048 2048 390 0 0 80.3527 2.71693 59.9855 10.4745 0.144531 0.109863
3.03995 15.4979 5.73626 6.69942 3.04117 6.43635 0.757653 0.254341 0.86343 0.924711 3.96313 1.68474 0.500381 1.47679  2048 2048 389 0 0 80.9361 2.72905 59.9856 10.6097 0.130859 0.0541992
3.03995 15.4979 5.73626 7.28904 3.04117 6.43635 0.763451 0.254341 1.3513 0.924711 3.96313 1.89917 0.500381 1.26182  2048 2048 390 0 0 80.486 2.692 59.9856 10.5596 0.151367 0.0366211
3.03995 15.4979 5.73626 7.28904 3.04117 6.43635 0.763451 0.254341 0.86343 0.924711 3.96313 1.68474 0.567034 1.68487  2048 2048 388 0 0 81.1362 2.70081 59.9856 10.6229 0.180176 0.0175781
3.03995 5.83392 5.73626 6.69942 3.04117 6.43635 0.757653 0.254341 0.86343 0.924711 3.96313 1.68474 0.500381 1.47679  2048 2048 369 0 0 79.2024 2.68171 59.9855 10.2257 2.93701 0
3.03995 15.4979 5.73626 7.28904 3.04117 6.43635 0.757653 0.254341 1.67949 3.96313 15.6975 1.89917 0.567034 1.47679  2048 2048 379 0 0 79.4192 2.67675 59.9855 10.3721 0.496094 0.881836
2.2306 3.27219 3.67595 1.02542 1.46641 24.7826 0.537553 0.412427 0.790002 5.6624 8.40846 0.470229 0.376171 0.229255  2048 2048 3257 26 0 386.35 37.8977 60.0052 216.099 7836.5 167.405
8.41487 1.06082 0.0720237 11.6532 0.701926 21.4423 1.72594 0.148991 1.89959 3.64574 18.8037 0.260201 1.64446 1.92962  2048 2048 421 0 0 96.7895 6.0407 59.9858 29.2768 447.471 36.2744
9.0347 8.39259 0.811182 6.93381 16.0115 32.934 0.546464 1.82244 0.152165 2.70882 8.47499 0.548662 1.46403 0.727073  2048 2048 1440 1621 0 215.225 6.77106 59.9977 23.0815 112.914 160.94
8.57112 10.1291 7.84814 18.4088 7.59148 19.5929 1.64342 1.44932 0.0241096 18.7988 18.9953 1.09861 0.671468 0.609516  2048 2038 1306 1549 0 409.611 8.0615 59.994 15.2728 35.0513 46.2046
6.6213 10.961 2.61788 15.385 18.067 25.5593 0.953948 1.89935 0.23835 4.17371 11.2668 1.75488 1.11686 1.74749  2048 2048 1446 1361 0 184.682 7.22301 59.9949 28.6837 136.432 111.748
6.6863 2.2779 6.31611 19.7607 13.976 27.7383 0.167547 1.03964 0.760521 1.601 5.54888 1.74908 1.55351 1.41209  2048 2048 399 0 0 82.6198 3.60539 59.9856 13.3525 12.0332 16.6821
3.614 10.2463 8.68282 7.90979 23.2719 24.4865 1.29521 0.364635 1.9024 4.21766 16.6326 1.53374 0.502701 0.277657  2048 2046 393 0 0 409.611 6.32549 59.9856 11.6501 2.55908 0.0991211
5.58519 4.76394 3.27708 6.78304 3.98114 48.4207 0.55916 1.97302 1.44499 2.27424 2.68258 0.0311289 0.936735 1.08542  2048 1035 9849 914 0 409.611 41.4046 60.0057 24.8624 81.4067 28.1743
3.49315 7.15415 9.96643 14.8277 3.0549 16.2069 1.43132 1.91559 1.2122 3.26975 12.0969 1.15665 0.701315 1.39775  2048 1558 2156 1248 0 409.611 25.031 60.0056 22.3745 378.602 2.60205
9.27671 2.28034 3.58165 9.03409 24.279 28.1579 1.85034 0.315744 1.38896 6.15131 10.3592 0.165716 0.528764 0.396313  2048 2048 1064 365 0 114.027 5.50519 59.986 21.6892 138.048 56.6396
