200 2
2.74117 14.5885 1.54424 4.79324 0.454176 0.497757 1.26786 8.41609 -0.401807 8.61843 2.38166 0.924711 3.96313 0.889004 0.113041 1.09745  2048 2048 378 0 0 79.5192 1.13628 59.9855 9.24204 0.0166016 0.0141602
2.74117 14.6477 1.54424 4.79324 0.454176 0.497757 1.28666 7.54936 -0.495376 8.61843 2.38166 0.399792 3.96313 0.889004 0.113041 1.09745  2048 2048 379 0 0 79.2858 1.10347 59.9855 9.2533 0.0166016 0.015625
2.74117 14.5885 1.54424 4.79324 0.454176 0.497757 1.26786 8.41609 -0.444105 8.61843 2.38166 0.924711 3.96313 0.889004 0.113041 1.06308  2048 2048 378 0 0 79.5525 1.10594 59.9855 9.23642 0.0166016 0.0136719
2.74117 14.5885 1.54424 4.79324 0.454176 0.497757 1.26786 8.41609 -0.41467 8.61843 2.38166 0.924711 3.96313 0.889004 0.113041 1.09745  2048 2048 378 0 0 79.5358 1.1041 59.9855 9.24054 0.015625 0.0136719
2.74117 14.5885 1.54424 4.79324 0.454176 0.497757 1.26786 8.41609 -0.41467 8.61843 2.38166 0.924711 3.96313 0.889004 0.113041 1.06308  2048 2048 378 0 0 79.5525 1.08356 59.9855 9.24244 0.0166016 0.0136719
2.74117 14.5885 1.54424 4.79324 0.454176 0.497757 1.26786 8.41609 -0.41467 8.61843 2.38166 0.848415 3.96313 0.889004 0.113041 1.09745  2048 2048 378 0 0 79.5525 1.09784 59.9855 9.24305 0.0175781 0.0136719
2.74117 14.5885 1.54424 4.79324 0.454176 0.497757 1.26786 8.41609 -0.401807 8.61843 2.38166 0.924711 3.96313 0.889004 0.113041 1.06308  2048 2048 378 0 0 79.6359 1.09046 59.9855 9.24556 0.0166016 0.0131836
2.74117 14.5885 1.54424 4.79324 0.454176 0.497757 1.26786 8.41609 -0.444105 8.61843 2.38166 0.399792 3.96313 0.889004 0.113041 1.09745  2048 2048 379 0 0 79.2858 1.08229 59.9855 9.24678 0.0166016 0.0136719
2.74117 14.6477 1.54424 4.79324 0.454176 0.497757 1.28666 7.22587 -0.495376 8.61843 2.38166 0.848415 3.96313 0.889004 0.113041 1.09745  2048 2048 378 0 0 79.6359 1.12381 59.9855 9.25127 0.0175781 0.0141602
2.74117 14.5885 1.54424 4.79324 0.454176 0.497757 1.28666 8.41609 -0.452895 8.61843 2.38166 0.399792 3.96313 0.889004 0.113041 1.09745  2048 2048 379 0 0 79.2858 1.11823 59.9855 9.2433 0.0166016 0.0146484
2.74117 14.6477 1.54424 4.79324 0.454176 0.497757 1.28666 4.45692 -0.444105 0.089114 2.38166 0.399792 3.96313 0.889004 0.113041 1.09745  2048 2048 376 0 0 78.9524 1.09391 59.9855 9.55126 0.260742 3.0874
2.74117 14.5885 1.54424 4.79324 0.454176 0.470656 1.26786 8.41609 -0.401807 8.61843 2.38166 0.924711 3.96313 0.889004 0.113041 1.06308  2048 2048 378 0 0 79.6359 1.09101 59.9855 9.25227 0.0195313 0.0136719
2.74117 14.5885 1.54424 4.79324 0.454176 0.497757 1.26786 8.41609 -0.495376 8.61843 2.38166 0.399792 3.96313 0.889004 0.113041 1.09745  2048 2048 378 0 0 79.6359 1.08393 59.9855 9.23963 0.0195313 0.0151367
2.74117 14.5885 1.54424 4.79324 0.454176 0.497757 1.26786 8.41609 -0.495376 8.61843 2.38166 0.848415 3.96313 0.889004 0.113041 1.06308  2048 2048 378 0 0 79.5358 1.10449 59.9855 9.23033 0.0214844 0.0141602
2.74117 14.6477 1.54424 4.79324 1.66936 0.497757 1.28666 8.41609 -0.401807 8.61843 2.38166 0.924711 3.96313 1.32597 0.113041 1.06308  2048 2048 378 0 0 78.9357 1.07062 59.9855 9.11137 0.09375 0.0390625
2.74117 14.5885 1.54424 4.79324 0.454176 1.66924 1.26786 8.41609 -0.495376 8.61843 2.38166 0.848415 3.96313 0.889004 0.113041 1.09745  2048 2048 381 0 0 78.9357 1.07222 59.9855 9.1177 0.0498047 0.138184
2.74117 14.5885 1.54424 4.79324 0.454176 0.497757 1.26786 7.22587 -0.495376 8.61843 2.38166 0.848415 3.96313 0.889004 0.113041 1.06308  2048 2048 378 0 0 79.6525 1.08086 59.9855 9.25257 0.0175781 0.0141602
2.74117 14.5885 1.54424 4.79324 0.454176 0.497757 1.26786 8.41609 -0.41467 8.61843 2.38166 0.968657 3.96313 0.889004 0.113041 1.09745  2048 2048 378 0 0 79.5358 1.09359 59.9855 9.23953 0.0185547 0.0131836
2.74117 14.5885 1.54424 4.79324 0.454176 0.497757 1.28666 7.22587 -0.495376 8.61843 2.38166 0.848415 3.96313 0.889004 0.113041 1.09745  2048 2048 378 0 0 79.6359 1.08809 59.9855 9.24894 0.0185547 0.0136719
2.74117 14.6477 1.54424 4.79324 0.454176 0.497757 1.28666 7.54936 -0.495376 8.61843 2.38166 0.399792 3.96313 0.889004 0.113041 1.06308  2048 2048 379 0 0 79.2858 1.08568 59.9855 9.25523 0.0175781 0.0141602
2.74117 14.5885 1.54424 4.79324 1.30772 0.497757 1.28666 8.41609 -0.452895 8.61843 2.38166 0.848415 3.96313 0.889004 0.113041 1.09745  2048 2048 379 0 0 79.0024 1.07586 59.9855 9.14477 0.114258 0.0400391
2.74117 14.5885 1.54424 4.79324 0.454176 0.497757 1.26786 8.41609 -0.401807 8.61843 2.38166 0.399792 3.96313 0.889004 0.113041 1.06308  2048 2048 379 0 0 79.3525 1.09189 59.9855 9.25719 0.0175781 0.015625
2.74117 14.5885 1.54424 4.79324 0.454176 0.497757 1.26786 8.41609 -0.444105 8.61843 2.38166 0.848415 3.96313 0.889004 0.113041 1.06308  2048 2048 378 0 0 79.6359 1.08837 59.9855 9.23801 0.0175781 0.0141602
2.74117 14.5885 1.54424 4.79324 0.454176 0.497757 1.26786 8.41609 -0.452895 8.61843 2.38166 0.924711 3.96313 0.269417 0.113041 1.06308  2048 2048 381 0 0 79.6359 1.09484 59.9855 9.33113 0.0214844 0.0439453
2.74117 14.5885 4.79324 14.8759 0.454176 0.497757 1.26786 8.41609 -0.41467 8.61843 2.38166 0.924711 3.96313 0.889004 0.113041 1.06308  2048 2048 368 0 0 78.0522 1.10747 59.9855 9.42445 2.02344 2.93604
2.74117 14.5885 1.54424 4.79324 0.454176 0.497757 1.26786 0.587176 -0.41467 8.61843 2.38166 0.924711 3.96313 0.889004 0.113041 1.09745  2048 2048 381 0 0 80.4194 1.16935 59.9856 10.4775 0.078125 0.0708008
2.74117 14.6477 1.54424 4.79324 0.454176 0.497757 1.26786 7.22587 -0.495376 8.61843 2.38166 0.924711 3.96313 0.889004 0.113041 1.09745  2048 2048 378 0 0 79.6525 1.08831 59.9855 9.25081 0.0195313 0.0151367
2.74117 14.6477 1.54424 4.79324 0.454176 0.497757 1.26786 7.22587 -0.495376 8.61843 2.38166 0.924711 3.96313 0.622272 0.113041 1.09745  2048 2048 381 0 0 79.5525 1.0941 59.9855 9.28506 0.0185547 0.0195313
2.74117 14.5885 1.54424 4.79324 0.454176 0.497757 1.28666 7.22587 -0.401807 8.61843 2.38166 0.924711 3.96313 0.889004 0.113041 1.09745  2048 2048 378 0 0 79.6359 1.08812 59.9855 9.27757 0.0205078 0.0126953
2.74117 14.5885 1.54424 4.79324 0.454176 0.497757 0.924406 8.41609 -0.41467 8.61843 2.38166 0.924711 3.96313 0.889004 0.113041 1.09745  2048 2048 377 0 0 79.9193 1.10419 59.9855 9.28085 0.03125 0.00976563
2.74117 14.6477 1.54424 4.79324 0.454176 0.497757 1.26786 8.41609 -0.41467 8.61843 2.38166 0.399792 3.96313 0.889004 0.113041 1.06308  2048 2048 379 0 0 79.3525 1.08396 59.9855 9.25699 0.0185547 0.0146484
2.74117 14.5885 1.54424 4.79324 0.454176 1.59484 1.26786 8.41609 -0.444105 8.61843 2.38166 0.399792 3.96313 0.889004 0.113041 1.09745  2048 2048 382 0 0 79.1691 1.07888 59.9855 9.14098 0.0224609 0.129883
2.74117 14.5885 1.54424 4.79324 0.454176 0.497757 1.26786 8.41609 -0.444105 8.61843 2.38166 0.307016 0.399792 0.889004 0.113041 1.09745  2048 2048 383 0 0 80.1693 1.11986 59.9855 9.47396 0.0322266 0.142578
2.74117 14.5885 1.54424 4.79324 0.454176 0.497757 1.26786 8.41609 -0.41467 8.61843 2.38166 0.924711 3.96313 0.889004 1.28776 1.09745  2048 2048 376 0 0 79.2358 1.09482 59.9855 9.21745 0.0986328 0.00878906
2.74117 14.6477 1.54424 4.79324 0.454176 0.497757 1.28666 7.22587 -0.495376 8.61843 2.38166 0.924711 3.96313 0.889004 0.113041 1.09745  2048 2048 378 0 0 79.6359 1.08449 59.9855 9.24949 0.0166016 0.0146484
2.74117 14.5885 1.54424 4.79324 0.454176 0.497757 1.28666 7.22587 -0.444105 8.61843 2.38166 0.848415 3.96313 0.889004 0.113041 1.09745  2048 2048 378 0 0 79.6359 1.08498 59.9855 9.2632 0.0205078 0.0141602
2.74117 14.5885 1.54424 4.79324 0.454176 0.497757 1.26786 8.41609 -0.401807 8.61843 2.38166 0.924711 16.5209 0.889004 0.113041 1.1008  2048 2048 369 0 0 78.1856 1.0542 59.9855 9.02058 0.31543 0.0820313
2.74117 14.5885 1.54424 4.79324 0.454176 0.497757 1.28666 7.22587 -0.41467 8.61843 2.38166 0.848415 3.96313 0.889004 0.113041 1.09745  2048 2048 378 0 0 79.6359 1.10495 59.9855 9.27291 0.0224609 0.0136719
2.74117 14.5885 4.79324 6.64876 0.454176 0.497757 1.26786 8.41609 -0.401807 8.61843 1.00711 0.924711 3.96313 0.889004 0.113041 1.09745  2048 2048 373 0 0 78.519 1.07233 59.9855 9.14892 0.120605 1.29541
2.74117 14.5885 1.54424 4.79324 0.454176 0.497757 1.28666 8.41609 -0.452895 8.61843 2.38166 0.848415 6.0799 0.0924711 0.113041 1.09745  2048 2048 382 0 0 79.7526 1.09965 59.9855 9.2997 0.0253906 0.0537109
2.74117 14.5885 1.54424 4.79324 0.454176 0.497757 1.28666 7.22587 -0.495376 8.61843 2.38166 0.848415 3.96313 0.889004 1.83599 1.06308  2048 2048 373 0 0 78.8024 1.09411 59.9855 9.22105 0.150391 0.00488281
2.74117 14.5885 1.54424 4.79324 0.454176 0.497757 1.28666 8.41609 -0.452895 8.61843 2.38166 0.924711 3.96313 0.889004 0.113041 1.09745  2048 2048 378 0 0 79.5192 1.10422 59.9855 9.23061 0.0195313 0.0141602
2.74117 14.6477 1.54424 4.79324 0.454176 0.497757 1.26786 7.22587 -0.444105 8.61843 2.38166 0.399792 3.96313 0.889004 0.113041 1.09745  2048 2048 379 0 0 79.7192 1.09086 59.9855 9.27784 0.0195313 0.0141602
2.74117 14.6477 1.54424 4.79324 0.454176 0.497757 1.26786 8.41609 -0.444105 8.61843 2.38166 0.924711 3.96313 0.889004 0.113041 1.09745  2048 2048 378 0 0 79.6359 1.09253 59.9855 9.23615 0.0185547 0.0151367
2.74117 14.5885 1.54424 4.79324 0.454176 0.497757 1.26786 8.41609 -0.452895 8.61843 2.38166 0.924711 3.96313 0.889004 0.113041 1.06308  2048 2048 378 0 0 79.5525 1.11115 59.9855 9.23456 0.0185547 0.0141602
2.74117 14.5885 1.54424 4.79324 0.454176 0.497757 1.28666 8.41609 -0.452895 8.61843 0.832545 0.399792 3.96313 0.889004 0.113041 0.945769  2048 2048 372 0 0 78.3356 1.08421 59.9855 9.10394 0.0478516 1.36963
2.74117 14.5885 1.54424 4.79324 1.05124 0.497757 1.26786 8.41609 -0.444105 8.61843 2.38166 0.924711 3.96313 0.889004 0.113041 1.48979  2048 2048 378 0 0 79.1191 1.07689 59.9855 9.14464 0.0898438 0.0263672
2.74117 14.5885 1.54424 4.79324 0.454176 0.497757 1.26786 8.41609 -0.41467 8.18079 2.38166 0.924711 3.96313 0.889004 0.263619 1.06308  2048 2048 377 0 0 78.9691 1.08544 59.9855 9.18233 0.0302734 0.0302734
2.74117 14.5885 1.54424 4.79324 0.454176 0.497757 1.26786 8.41609 -0.444105 8.61843 2.38166 0.924711 3.96313 0.889004 0.113041 1.09745  2048 2048 378 0 0 79.5525 1.0884 59.9855 9.23397 0.0224609 0.0131836
2.74117 14.5885 1.54424 4.79324 0.454176 0.497757 1.28666 7.54936 -0.495376 8.61843 2.38166 0.399792 3.96313 0.889004 0.113041 1.09745  2048 2048 379 0 0 79.2691 1.10724 59.9855 9.25096 0.0185547 0.0151367
2.74117 14.5885 1.54424 4.79324 0.454176 0.497757 1.26786 8.41609 -0.41467 8.61843 2.38166 0.399792 3.96313 0.889004 0.113041 1.06308  2048 2048 379 0 0 79.3525 1.10137 59.9855 9.25507 0.0166016 0.0146484
2.74117 14.6477 1.54424 4.79324 0.454176 0.497757 1.28666 7.54936 -0.495376 8.61843 2.38166 0.399792 3.96313 0.889004 0.113041 0.0548723  2048 2048 381 0 0 79.6525 1.10461 59.9855 9.3342 0.0185547 0.0288086
2.74117 14.6477 1.54424 4.79324 0.454176 0.497757 1.28666 7.22587 -0.41467 8.61843 2.38166 0.924711 3.96313 0.889004 0.113041 1.09745  2048 2048 378 0 0 79.6359 1.09071 59.9855 9.27355 0.0214844 0.0131836
2.74117 14.6477 1.54424 4.79324 0.454176 0.497757 1.26786 8.41609 -0.444105 8.61843 2.38166 0.399792 3.96313 0.889004 0.113041 1.09745  2048 2048 379 0 0 79.3191 1.10855 59.9855 9.24863 0.0175781 0.0151367
2.74117 14.5885 1.54424 4.79324 0.454176 0.497757 1.26786 8.41609 -0.444105 8.61843 4.15845 0.399792 9.43632 0.889004 0.113041 1.09745  2048 2048 379 0 0 79.4192 1.09502 59.9855 9.20266 0.758789 0
2.74117 14.5885 1.54424 4.79324 0.454176 0.497757 1.26786 8.41609 -0.452895 8.61843 2.38166 0.924711 3.96313 0.889004 0.113041 1.09745  2048 2048 378 0 0 79.6359 1.11119 59.9855 9.23244 0.0205078 0.0146484
2.74117 14.5885 1.54424 4.79324 0.454176 0.497757 1.26786 8.41609 -0.401807 8.61843 2.38166 0.924711 3.96313 0.889004 0.621235 1.06308  2048 2048 377 0 0 79.1191 1.09145 59.9855 9.22819 0.0390625 0.00878906
2.74117 14.6477 1.54424 4.79324 0.454176 0.497757 1.28666 7.22587 -0.495376 8.61843 2.38166 0.399792 3.96313 0.889004 0.113041 1.09745  2048 2048 379 0 0 79.5192 1.11112 59.9855 9.26236 0.0185547 0.0136719
2.74117 14.5885 1.54424 4.79324 0.454176 0.497757 1.26786 8.41609 -0.41467 8.61843 2.38166 0.399792 3.96313 0.889004 0.113041 1.09745  2048 2048 379 0 0 79.3191 1.09761 59.9855 9.25207 0.0166016 0.0141602
2.74117 14.6477 1.54424 4.79324 0.454176 0.497757 1.28666 7.22587 -0.495376 8.61843 2.38166 0.848415 2.81442 0.889004 0.113041 1.09745  2048 2048 382 0 0 80.0193 1.09929 59.9855 9.32324 0.0224609 0.0249023
2.74117 3.95459 1.54424 4.79324 0.454176 0.497757 1.26786 8.41609 -0.401807 8.61843 19.1357 0.924711 3.96313 0.889004 0.113041 1.09745  2048 1713 370 0 0 409.611 7.16742 59.9874 15.4571 392.433 1.74072
2.74117 14.5885 1.54424 4.79324 0.454176 0.497757 1.28666 8.41609 -0.401807 8.61843 2.38166 0.848415 3.96313 0.889004 0.113041 1.09745  2048 2048 378 0 0 79.5358 1.11502 59.9855 9.24301 0.0185547 0.0146484
2.74117 14.5885 1.54424 5.11917 0.454176 0.497757 1.26786 8.41609 -0.41467 8.61843 2.38166 0.848415 3.96313 0.889004 0.218513 1.09745  2048 2048 377 0 0 79.2524 1.1006 59.9855 9.19874 0.0244141 0.0195313
2.74117 14.5885 1.54424 4.79324 0.454176 0.497757 1.26786 8.41609 -0.444105 8.61843 2.38166 0.924711 3.96313 0.889004 1.07041 1.09745  2048 2048 376 0 0 79.3025 1.09563 59.9855 9.21383 0.0859375 0.00927734
2.74117 14.6477 1.54424 4.79324 0.454176 0.497757 1.26786 8.41609 -0.41467 8.61843 2.38166 0.848415 3.96313 0.889004 0.113041 1.09745  2048 2048 378 0 0 79.5358 1.09332 59.9855 9.24408 0.0185547 0.0141602
2.74117 14.5885 1.54424 4.79324 0.454176 0.497757 1.26786 8.41609 -0.138127 8.61843 2.38166 0.924711 3.96313 0.889004 0.113041 1.09745  2048 2048 379 0 0 79.7859 1.13313 59.9855 9.71059 0.0263672 0.0249023
2.74117 14.5885 1.54424 4.79324 0.454176 1.09391 1.26786 8.41609 -0.444105 8.61843 2.38166 0.848415 3.96313 0.889004 0.113041 1.09745  2048 2048 379 0 0 78.869 1.08919 59.9855 9.15247 0.0292969 0.0576172
2.74117 14.6477 1.54424 4.79324 0.454176 0.497757 1.28666 7.22587 0.585711 8.61843 2.38166 0.848415 3.96313 0.889004 0.113041 1.09745  2048 2048 1317 0 0 126.763 2.56434 59.9861 26.1949 99.5352 2.95361
2.74117 14.5885 1.54424 4.79324 0.454176 0.497757 1.26786 1.6184 -0.401807 8.61843 2.38166 0.924711 3.96313 0.889004 0.113041 1.09745  2048 2048 381 0 0 80.436 1.16622 59.9856 10.439 0.0625 0.065918
2.74117 15.1317 1.54424 4.79324 0.454176 0.497757 1.28666 8.41609 -0.452895 8.61843 2.38166 0.399792 3.96313 0.889004 0.113041 1.09745  2048 2048 379 0 0 79.3525 1.10491 59.9855 9.26335 0.0205078 0.0224609
2.74117 14.6477 1.54424 4.79324 0.454176 0.497757 1.28666 7.54936 -0.495376 8.61843 2.38166 0.399792 3.96313 0.889004 0.233283 1.09745  2048 2048 378 0 0 79.5192 1.09552 59.9855 9.24236 0.0205078 0.0146484
2.74117 14.5885 1.54424 4.79324 0.454176 0.497757 1.26786 8.41609 -0.176122 8.61843 2.38166 0.924711 3.96313 0.889004 0.113041 1.06308  2048 2048 379 0 0 79.7192 1.11523 59.9855 9.54443 0.0214844 0.0170898
2.74117 14.6477 1.54424 17.2399 0.454176 0.497757 1.28666 7.22587 -0.495376 8.61843 2.38166 0.848415 3.96313 0.889004 0.113041 1.09745  2048 2048 364 0 0 77.9688 1.13731 59.9855 9.63124 3.08594 3.27295
2.74117 14.5885 1.54424 4.79324 0.454176 0.497757 1.26786 8.41609 -0.495376 8.61843 2.38166 0.399792 3.96313 0.889004 0.113041 1.06308  2048 2048 379 0 0 79.2691 1.0979 59.9855 9.24033 0.0175781 0.015625
2.74117 14.5885 1.54424 4.79324 0.454176 0.497757 1.28666 8.41609 -0.401807 8.61843 2.38166 0.924711 3.96313 0.889004 0.113041 1.09745  2048 2048 378 0 0 79.5192 1.10138 59.9855 9.2407 0.0185547 0.0146484
2.74117 14.5885 1.54424 4.79324 0.454176 0.497757 1.28666 7.22587 -0.444105 8.61843 2.38166 0.924711 3.96313 0.889004 0.113041 1.06308  2048 2048 378 0 0 79.6359 1.09145 59.9855 9.26357 0.0205078 0.0136719
2.74117 14.5885 1.54424 4.79324 0.454176 0.497757 1.26786 8.41609 -0.41467 8.61843 6.01215 0.924711 3.96313 0.889004 0.113041 1.09745  2048 2029 383 0 0 409.611 3.23725 59.986 14.1628 104.189 0.483887
2.74117 14.6477 1.54424 4.79324 0.454176 0.497757 1.28666 8.41609 -0.401807 8.61843 2.38166 0.924711 3.96313 0.889004 0.113041 1.09745  2048 2048 378 0 0 79.5192 1.09823 59.9855 9.24363 0.0175781 0.0141602
2.74117 14.5885 1.54424 4.79324 0.454176 0.497757 1.26786 8.41609 -0.401807 8.61843 2.38166 0.924711 3.96313 0.889004 0.565996 1.09745  2048 2048 377 0 0 79.0857 1.08797 59.9855 9.22658 0.0351563 0.00927734
2.74117 14.5885 1.54424 4.79324 0.454176 0.497757 1.26786 8.41609 -0.401807 8.61843 2.38166 0.848415 3.96313 0.889004 0.113041 1.09745  2048 2048 378 0 0 79.5525 1.09557 59.9855 9.24487 0.0175781 0.0141602
2.74117 14.6477 1.54424 4.79324 1.1492 0.497757 1.26786 7.54936 -0.495376 8.61843 2.38166 0.399792 3.96313 0.739647 0.113041 1.09745  2048 2048 381 0 0 79.3525 1.08186 59.9855 9.19331 0.0864258 0.0454102
2.74117 14.5885 1.54424 4.79324 0.454176 0.497757 1.28666 7.22587 -0.495376 8.61843 2.38166 0.848415 3.96313 0.889004 0.113041 1.06308  2048 2048 378 0 0 79.6525 1.10288 59.9855 9.25114 0.0185547 0.0136719
2.74117 14.5885 1.54424 4.79324 0.454176 0.497757 1.28666 8.41609 -0.444105 8.61843 2.38166 0.399792 3.96313 0.889004 0.113041 1.09745  2048 2048 379 0 0 79.2858 1.08722 59.9855 9.24444 0.0205078 0.0141602
2.74117 14.5885 1.54424 4.79324 0.454176 0.497757 1.26786 8.41609 -0.41467 8.61843 2.38166 0.848415 3.96313 0.889004 0.113041 0.0979034  2048 2048 381 0 0 79.6359 1.09521 59.9855 9.3219 0.0214844 0.0234375
0.253914 14.5885 1.54424 4.79324 0.454176 0.497757 1.26786 8.41609 -0.41467 8.61843 2.38166 0.924711 3.96313 0.889004 0.113041 1.06308  2048 2048 352 0 0 77.5688 1.09941 59.9855 9.31428 163.822 0
2.74117 14.6477 1.54424 4.79324 0.454176 0.497757 1.26786 8.41609 -0.495376 8.61843 2.38166 0.924711 3.96313 0.889004 0.113041 1.06308  2048 2048 378 0 0 79.5525 1.10152 59.9855 9.22959 0.0185547 0.015625
2.74117 14.5885 1.54424 4.79324 1.1926 0.497757 1.28666 7.54936 -0.495376 8.61843 2.38166 0.399792 3.96313 0.889004 0.113041 1.09745  2048 2048 379 0 0 79.0024 1.08322 59.9855 9.17142 0.0893555 0.0405273
2.74117 14.5885 1.54424 4.79324 0.454176 0.497757 1.26786 8.41609 0.37907 8.61843 2.38166 0.924711 3.96313 0.889004 0.113041 1.06308  2048 2048 891 0 0 113.026 2.32566 59.986 24.0791 119.841 3.14209
2.74117 14.5885 1.54424 4.79324 0.454176 0.497757 1.26786 7.22587 -0.495376 8.61843 2.38166 0.924711 3.96313 0.889004 0.113041 1.09745  2048 2048 378 0 0 79.6525 1.08995 59.9855 9.24914 0.0185547 0.0131836
2.74117 14.5885 1.54424 4.79324 0.454176 1.39683 1.26786 8.41609 -0.41467 8.61843 2.38166 0.924711 3.96313 0.889004 0.113041 1.06308  2048 2048 381 0 0 79.1191 1.08488 59.9855 9.14505 0.0302734 0.0996094
2.74117 14.5885 1.54424 4.79324 0.454176 0.497757 1.26786 8.41609 -0.401807 8.61843 2.38166 0.924711 3.96313 0.889004 0.113041 1.06308  2048 2048 378 0 0 79.5358 1.09315 59.9855 9.24475 0.0166016 0.0131836
2.74117 18.3746 1.54424 4.79324 0.454176 0.497757 1.26786 8.41609 -0.444105 8.61843 2.38166 0.924711 3.96313 0.889004 0.113041 1.06308  2048 2048 383 0 0 79.9193 1.10173 59.9855 9.36823 0.0332031 0.0898438
2.74117 15.2666 1.54424 4.79324 0.454176 0.497757 1.26786 8.41609 -0.401807 8.61843 2.38166 0.924711 3.96313 0.889004 1.24607 1.09745  2048 2048 377 0 0 79.0857 1.09602 59.9855 9.2438 0.0917969 0.0112305
2.74117 14.6477 1.54424 4.79324 0.454176 0.497757 1.28666 8.41609 -0.452895 8.61843 2.38166 0.399792 3.96313 0.889004 0.113041 1.09745  2048 2048 379 0 0 79.3025 1.0977 59.9855 9.24571 0.0166016 0.0146484
2.74117 14.5885 1.54424 4.79324 0.454176 0.497757 1.26786 8.41609 -0.401807 8.61843 2.38166 0.399792 3.96313 0.889004 0.113041 1.09745  2048 2048 379 0 0 79.3525 1.08981 59.9855 9.25504 0.0185547 0.0151367
1.24332 14.6477 1.54424 4.79324 0.454176 0.497757 1.28666 7.22587 -0.495376 8.61843 2.38166 0.848415 3.96313 0.120914 0.113041 1.09745  2048 2048 355 0 0 77.9688 1.07413 59.9855 9.11523 42.293 0
2.74117 14.6477 1.54424 4.79324 0.454176 0.497757 1.26786 8.41609 -0.444105 8.61843 2.38166 3.96313 4.28968 0.889004 0.113041 1.06308  2048 2048 383 0 0 80.236 1.1248 59.9855 9.52081 0.0380859 0.167969
2.74117 14.5885 1.54424 4.79324 0.454176 0.497757 1.26786 8.41609 -0.452895 8.61843 2.38166 0.399792 3.96313 0.889004 0.113041 1.09745  2048 2048 378 0 0 79.5525 1.10146 59.9855 9.24598 0.0195313 0.0146484
2.74117 14.5885 1.54424 4.79324 0.454176 0.497757 1.26786 7.22587 -0.495376 8.61843 2.38166 0.848415 3.96313 0.889004 0.113041 1.09745  2048 2048 378 0 0 79.6525 1.09782 59.9855 9.2508 0.0175781 0.0131836
2.74117 14.5885 1.54424 4.79324 0.454176 0.497757 1.28666 8.41609 -0.41467 8.61843 2.38166 0.924711 3.96313 0.889004 0.113041 1.09745  2048 2048 378 0 0 79.5358 1.08751 59.9855 9.23858 0.0175781 0.0141602
2.74117 19.6912 1.54424 4.79324 0.454176 0.497757 1.28666 8.41609 -0.401807 8.61843 2.38166 0.924711 3.96313 0.889004 0.113041 1.06308  2048 2048 386 0 0 80.0026 1.12047 59.9855 9.42327 0.0283203 0.140625
2.74117 14.5885 1.54424 4.79324 0.454176 0.497757 1.26786 8.41609 -0.495376 8.61843 2.38166 0.848415 3.96313 0.889004 0.113041 1.09745  2048 2048 378 0 0 79.5358 1.10504 59.9855 9.22899 0.0205078 0.0136719
2.74117 14.6477 1.54424 4.79324 0.454176 0.497757 1.28666 7.54936 -0.495376 8.61843 2.38166 0.924711 3.96313 0.889004 0.113041 1.09745  2048 2048 378 0 0 79.5525 1.10029 59.9855 9.24121 0.0175781 0.0146484
2.74117 14.6477 1.54424 4.79324 0.454176 0.497757 1.28666 7.54936 -0.495376 8.61843 16.4067 0.399792 3.96313 0.889004 0.113041 1.09745  2048 1711 389 62 0 409.611 8.73967 60.0055 22.9874 622.299 1.12793
2.74117 14.5885 1.54424 4.79324 0.454176 0.497757 1.26786 8.41609 -0.401807 8.61843 2.38166 0.924711 11.6276 0.889004 0.113041 1.06308  2048 2048 372 0 0 78.2356 1.07216 59.9855 9.05751 0.289551 0.0200195
2.74117 14.6477 1.54424 4.79324 0.454176 0.497757 1.28666 8.41609 -0.495376 8.61843 2.38166 0.848415 3.96313 0.889004 0.113041 1.09745  2048 2048 378 0 0 79.5358 1.10377 59.9855 9.22861 0.0195313 0.0151367
2.74117 14.5885 1.54424 4.79324 0.454176 0.497757 1.26786 8.41609 -0.444105 8.61843 14.1087 0.399792 3.96313 0.889004 0.113041 1.09745  2048 1841 388 0 0 409.611 6.94924 60.0056 24.9586 653.63 1.11719
2.74117 14.5885 1.54424 5.26566 0.454176 0.497757 1.26786 8.41609 -0.41467 8.61843 2.38166 0.924711 3.96313 0.889004 0.113041 1.06308  2048 2048 378 0 0 79.3025 1.08237 59.9855 9.19031 0.0292969 0.0292969
2.74117 14.5885 1.54424 4.79324 0.454176 0.497757 1.26786 8.41609 -0.401807 8.61843 2.38166 0.924711 3.96313 1.2537 0.113041 1.06308  2048 2048 378 0 0 79.6359 1.09971 59.9855 9.21629 0.03125 0.0131836
2.74117 14.5885 1.54424 4.79324 0.454176 0.497757 1.26786 8.41609 -0.452895 8.61843 2.38166 0.399792 3.96313 1.72814 0.113041 1.09745  2048 2048 377 0 0 79.0691 1.10069 59.9855 9.19243 0.0361328 0.0117188
2.74117 14.6477 1.54424 4.79324 0.454176 0.497757 1.28666 7.22587 -0.495376 8.61843 2.38166 0.848415 3.96313 0.889004 1.94684 1.09745  2048 2048 373 0 0 78.7857 1.08725 59.9855 9.22205 0.177734 0.00488281
2.74117 14.6477 1.54424 4.79324 0.454176 0.497757 1.28666 7.54936 -0.275369 8.61843 2.38166 0.399792 3.96313 0.889004 0.113041 1.09745  2048 2048 379 0 0 79.8692 1.1048 59.9855 9.38007 0.0224609 0.0166016
2.74117 14.5885 1.54424 4.79324 0.454176 0.497757 1.28666 8.41609 -0.41467 8.61843 2.38166 0.399792 3.96313 0.889004 0.113041 1.09745  2048 2048 379 0 0 79.3191 1.10787 59.9855 9.25036 0.0175781 0.0151367
2.74117 14.5885 1.54424 4.79324 0.454176 0.497757 1.26786 8.41609 -0.41467 8.61843 2.38166 0.924711 3.96313 0.889004 0.113041 0.701621  2048 2048 379 0 0 79.3858 1.10737 59.9855 9.26624 0.0185547 0.0141602
2.74117 14.5885 1.54424 4.79324 0.454176 0.497757 1.26786 8.41609 -0.41467 8.61843 2.38166 0.924711 15.3502 0.889004 0.113041 1.09745  2048 2048 369 0 0 78.1522 1.0661 59.9855 9.02515 0.252441 0.0634766
2.74117 14.6477 1.54424 4.79324 0.454176 0.497757 1.28666 7.54936 -0.41467 8.61843 2.38166 0.848415 3.96313 0.889004 0.113041 1.09745  2048 2048 378 0 0 79.6359 1.10875 59.9855 9.26527 0.0185547 0.0146484
0.461135 14.5885 1.54424 4.79324 0.454176 0.497757 1.26786 8.41609 -0.401807 8.61843 2.38166 0.924711 3.96313 0.889004 0.113041 1.06308  2048 2048 352 0 0 77.5688 1.0991 59.9855 9.32474 163.47 0
2.74117 14.6477 1.54424 4.79324 0.454176 0.497757 1.28666 7.22587 0.958663 8.61843 2.38166 0.848415 3.96313 0.889004 0.113041 1.09745  2048 2048 2227 1 0 156.139 3.08076 59.9913 30.4826 71.0713 2.48584
2.74117 14.5885 1.01505 1.54424 0.454176 0.497757 1.28666 7.22587 -0.495376 8.61843 2.38166 0.848415 3.96313 0.889004 0.113041 1.09745  2048 2048 376 0 0 87.8376 1.32895 59.9857 12.4119 11.6978 0.912598
2.74117 14.5885 1.54424 4.79324 0.454176 0.497757 0.618549 8.41609 -0.444105 8.61843 2.38166 0.399792 3.96313 0.889004 0.113041 1.09745  2048 2048 377 0 0 80.7028 1.11297 59.9856 9.33821 0.0429688 0.00976563
2.74117 14.5885 1.54424 4.79324 0.454176 0.497757 1.26786 8.41609 -0.401807 8.61843 2.38166 0.848415 3.96313 0.889004 0.113041 1.06308  2048 2048 378 0 0 79.5525 1.09749 59.9855 9.24694 0.0175781 0.0136719
6.72536 14.5885 1.54424 12.6139 0.454176 0.118961 1.26786 8.41609 -0.401807 8.61843 2.38166 0.924711 3.96313 0.889004 0.113041 1.06308  2048 2048 946 1115 0 114.96 1.43299 59.986 11.211 10.5996 3.91309
2.74117 14.6477 1.54424 4.79324 0.454176 0.497757 1.28666 7.22587 -0.495376 8.61843 2.38166 0.924711 3.96313 0.889004 0.113041 1.06308  2048 2048 378 0 0 79.6359 1.10603 59.9855 9.25132 0.0175781 0.0146484
2.74117 14.5885 1.54424 4.79324 0.454176 0.497757 1.26786 9.43205 -0.444105 8.61843 2.38166 0.399792 3.96313 0.889004 0.113041 1.09745  2048 2048 378 0 0 79.5358 1.09366 59.9855 9.23396 0.0195313 0.0161133
2.74117 14.6477 1.54424 4.79324 0.454176 0.497757 1.26786 8.41609 -0.444105 8.61843 2.38166 0.399792 3.96313 1.31236 0.113041 1.09745  2048 2048 378 0 0 79.6359 1.0943 59.9855 9.21426 0.0263672 0.0146484
2.74117 14.6477 1.54424 4.79324 0.454176 0.497757 1.26786 7.22587 -0.41467 8.61843 2.38166 0.924711 3.96313 0.889004 0.113041 1.09745  2048 2048 378 0 0 79.6359 1.10326 59.9855 9.2757 0.0205078 0.0126953
2.74117 14.5885 1.54424 4.79324 0.454176 0.497757 1.26786 8.41609 -0.452895 8.61843 2.38166 0.399792 3.96313 0.889004 1.19211 1.09745  2048 2048 376 0 0 79.2358 1.09827 59.9855 9.20927 0.0927734 0.00927734
2.74117 14.5885 1.54424 4.79324 0.454176 0.497757 1.28666 7.22587 -0.495376 8.61843 2.38166 0.924711 3.96313 0.889004 0.113041 1.06308  2048 2048 378 0 0 79.6359 1.09393 59.9855 9.24958 0.0195313 0.0136719
2.74117 14.5885 4.79324 8.61965 0.454176 0.528092 1.26786 8.41609 -0.444105 8.61843 2.38166 0.399792 3.96313 0.889004 0.113041 1.09745  2048 2048 377 0 0 78.719 1.09522 59.9855 9.12371 0.105469 0.573242
2.74117 14.5885 1.54424 4.79324 0.454176 0.497757 1.26786 8.41609 -0.41467 8.61843 2.38166 0.848415 3.96313 0.889004 0.113041 1.06308  2048 2048 378 0 0 79.5525 1.10234 59.9855 9.24442 0.0185547 0.0141602
2.74117 14.6477 1.54424 17.5671 0.454176 0.497757 1.28666 7.54936 -0.495376 8.61843 2.38166 0.399792 3.96313 0.889004 0.113041 1.09745  2048 2048 368 0 0 78.0689 1.13646 59.9855 9.65089 3.1665 3.34424
9.68139 14.5885 1.54424 4.79324 0.454176 0.497757 1.26786 8.41609 -0.444105 8.61843 2.38166 0.924711 3.96313 0.889004 0.113041 1.06308  2048 2048 1000 1416 0 123.945 1.26809 59.9861 8.81829 11.4634 3.88086
2.74117 14.6477 1.54424 4.79324 0.454176 0.497757 1.26786 8.41609 -0.495376 8.61843 2.38166 0.848415 3.96313 0.889004 0.113041 1.09745  2048 2048 378 0 0 79.5358 1.10437 59.9855 9.23045 0.0195313 0.0146484
2.74117 14.6477 1.54424 4.79324 0.454176 0.497757 1.26786 8.41609 -0.495376 8.61843 2.38166 0.924711 3.96313 0.889004 0.113041 1.09745  2048 2048 378 0 0 79.5192 1.10134 59.9855 9.22779 0.0195313 0.0161133
2.74117 14.5885 1.54424 4.79324 0.454176 0.497757 1.28666 8.41609 -0.41467 8.61843 2.38166 0.848415 3.96313 0.889004 0.113041 1.09745  2048 2048 378 0 0 79.5192 1.13567 59.9855 9.23983 0.0175781 0.0146484
2.74117 11.5409 1.54424 4.79324 0.454176 0.497757 1.28666 8.41609 -0.452895 8.61843 2.38166 0.848415 3.96313 0.889004 0.113041 1.09745  2048 2048 371 0 0 78.869 1.08014 59.9855 9.14025 0.173828 0.00439453
2.74117 14.5885 1.54424 4.79324 0.454176 0.497757 1.26786 8.41609 -0.401807 8.61843 2.38166 0.924711 3.96313 0.889004 1.89837 1.06308  2048 2048 373 0 0 78.7857 1.09712 59.9855 9.21855 0.169434 0.00585938
2.74117 14.5885 1.54424 4.79324 0.454176 0.638936 1.95434 7.54936 -0.495376 0.743126 2.38166 0.399792 3.96313 0.889004 0.113041 1.09745  2048 2048 373 0 0 78.2356 1.09174 59.9855 9.12879 0.305176 3.2168
2.74117 14.5885 1.54424 4.79324 1.04874 0.497757 1.26786 8.41609 -0.41467 8.61843 2.38166 0.924711 3.96313 0.889004 0.113041 1.06308  2048 2048 379 0 0 79.0691 1.08519 59.9855 9.17115 0.0986328 0.0288086
6.08783 14.5885 1.54424 3.54503 0.454176 0.497757 1.28666 9.79369 -0.495376 8.61843 2.38166 0.848415 3.96313 0.889004 0.113041 1.09745  2048 2048 897 1192 0 122.395 1.44469 59.9861 11.6004 13.2852 3.59326
2.74117 14.5885 1.54424 4.79324 0.454176 0.497757 1.26786 8.41609 -0.452895 8.61843 2.38166 0.848415 3.96313 1.79278 0.113041 1.09745  2048 2048 377 0 0 79.0691 1.08851 59.9855 9.18324 0.0380859 0.0102539
2.74117 14.5885 1.54424 4.79324 0.454176 0.497757 1.26786 7.54936 -0.495376 8.61843 2.38166 0.399792 3.96313 0.889004 0.113041 1.09745  2048 2048 379 0 0 79.2691 1.11541 59.9855 9.252 0.0175781 0.0151367
2.74117 14.5885 1.54424 4.79324 0.454176 0.497757 1.26786 6.83767 -0.41467 8.61843 2.38166 0.924711 3.96313 0.889004 0.113041 1.06308  2048 2048 378 0 0 79.6359 1.10019 59.9855 9.2945 0.0205078 0.0112305
2.74117 14.5885 1.54424 4.79324 1.3513 0.497757 1.28666 8.41609 -0.452895 8.61843 2.38166 0.399792 3.96313 0.889004 0.113041 1.09745  2048 2048 379 0 0 78.9691 1.08634 59.9855 9.15149 0.103027 0.0493164
2.74117 14.6477 1.54424 4.79324 0.454176 0.497757 1.28666 7.54936 -0.401807 8.61843 2.38166 0.924711 3.96313 0.889004 0.113041 1.09745  2048 2048 378 0 0 79.6359 1.09608 59.9855 9.26759 0.0214844 0.0141602
2.74117 14.5885 1.54424 4.79324 0.454176 0.497757 1.53996 8.41609 -0.444105 8.61843 2.38166 0.924711 3.96313 0.889004 0.113041 1.06308  2048 2048 378 0 0 79.3191 1.10134 59.9855 9.21253 0.0361328 0.0200195
2.74117 14.5885 1.54424 17.8442 0.454176 0.497757 1.26786 8.41609 -0.444105 8.61843 2.38166 0.924711 3.96313 0.889004 0.113041 1.09745  2048 2048 365 0 0 77.9188 1.1471 59.9855 9.64526 3.35889 3.31836
2.74117 11.6544 1.54424 4.79324 0.454176 0.497757 1.26786 8.41609 -0.401807 8.61843 2.38166 0.399792 3.96313 0.889004 0.113041 1.09745  2048 2048 372 0 0 79.0691 1.08346 59.9855 9.16261 0.139648 0.00488281
2.74117 14.5885 1.54424 4.79324 0.454176 0.497757 1.26786 8.41609 -0.444105 8.61843 2.38166 0.924711 15.9807 0.889004 0.113041 1.06308  2048 2048 369 0 0 78.1189 1.07597 59.9855 9.01685 0.27832 0.074707
2.74117 14.6477 1.54424 4.79324 0.454176 0.497757 1.28666 7.22587 -0.495376 8.61843 2.38166 0.848415 3.96313 0.889004 0.113041 1.09745  2048 2048 378 0 0 79.6525 1.10691 59.9855 9.25149 0.0185547 0.0141602
2.74117 14.5885 1.54424 17.3949 0.454176 0.497757 1.26786 8.41609 -0.41467 8.61843 2.38166 0.924711 3.96313 0.889004 0.113041 1.06308  2048 2048 365 0 0 78.0689 1.13244 59.9855 9.65139 3.16162 3.27393
2.74117 14.5885 1.54424 4.79324 0.454176 0.497757 1.28666 7.54936 -0.495376 8.61843 2.38166 0.399792 3.96313 0.889004 0.113041 1.06308  2048 2048 379 0 0 79.2858 1.09121 59.9855 9.25353 0.0175781 0.0146484
2.74117 14.5885 1.54424 4.79324 0.454176 0.497757 1.26786 8.41609 -0.41467 8.61843 2.38166 3.96313 12.974 0.889004 0.113041 1.09745  2048 2048 377 0 0 79.0691 1.0876 59.9855 9.11788 0.152344 0.124512
2.74117 14.5885 1.54424 4.79324 0.454176 0.497757 1.86663 8.41609 -0.401807 8.61843 2.38166 0.399792 3.96313 0.889004 0.113041 1.06308  2048 2048 381 0 0 79.3525 1.09602 59.9855 9.21493 0.0322266 0.0263672
2.74117 14.5885 1.54424 4.79324 0.454176 0.497757 1.26786 8.41609 -0.452895 8.61843 2.38166 0.848415 3.96313 0.889004 0.113041 1.09745  2048 2048 378 0 0 79.5525 1.10607 59.9855 9.23469 0.0195313 0.0146484
2.74117 14.5885 1.54424 4.79324 0.454176 0.497757 1.28666 8.41609 -0.452895 8.61843 2.38166 0.399792 3.96313 0.889004 0.113041 0.493789  2048 2048 381 0 0 79.5192 1.10637 59.9855 9.28743 0.0214844 0.0209961
2.74117 14.5885 1.54424 11.3431 0.454176 0.497757 1.26786 8.41609 -0.401807 8.61843 2.38166 0.924711 3.96313 0.889004 0.113041 1.09745  2048 2048 371 0 0 78.1856 1.10558 59.9855 9.25443 0.716309 1.91846
2.74117 14.6477 1.54424 4.79324 0.454176 0.497757 1.28666 7.22587 -0.495376 8.61843 2.38166 0.848415 3.96313 0.889004 0.749535 1.09745  2048 2048 377 0 0 79.2024 1.10963 59.9855 9.23145 0.0537109 0.00878906
2.74117 14.6477 1.54424 4.79324 0.454176 0.497757 1.28666 7.54936 -0.495376 8.61843 2.38166 0.399792 3.96313 0.889004 0.113041 1.36052  2048 2048 378 0 0 79.5525 1.09647 59.9855 9.23894 0.0185547 0.0146484
2.74117 14.6477 1.54424 4.79324 0.454176 0.497757 1.28666 8.41609 -0.41467 8.61843 2.38166 0.924711 3.96313 0.889004 0.113041 1.06308  2048 2048 378 0 0 79.5358 1.10342 59.9855 9.2424 0.0185547 0.0141602
2.74117 14.5885 1.54424 4.79324 0.454176 0.497757 1.26786 7.54936 -0.495376 8.61843 2.38166 0.924711 3.96313 0.889004 0.113041 1.09745  2048 2048 378 0 0 79.6359 1.12144 59.9855 9.24069 0.0175781 0.0131836
2.74117 14.5885 1.54424 4.27503 0.454176 0.497757 1.28666 8.41609 -0.452895 8.61843 2.38166 0.399792 3.96313 0.889004 0.113041 1.09745  2048 2048 378 0 0 79.6692 1.11782 59.9855 9.33499 0.0371094 0.00927734
2.74117 14.5885 1.54424 4.79324 0.454176 0.497757 1.28666 1.94037 -0.452895 8.61843 2.38166 0.399792 3.96313 0.889004 0.113041 1.09745  2048 2048 382 0 0 80.5194 1.17915 59.9856 10.3743 0.0439453 0.0688477
5.4622 14.6477 1.54424 4.79324 0.454176 0.497757 1.28666 7.54936 -0.495376 8.61843 2.38166 0.399792 3.96313 0.889004 0.113041 1.09745  2048 2048 865 964 0 117.377 1.53829 59.9861 12.8156 12.0977 3.72998
2.74117 14.5885 1.54424 4.79324 0.454176 0.497757 1.26786 1.10996 -0.444105 8.61843 2.38166 3.96313 9.67498 0.889004 0.113041 1.06308  2048 2048 382 0 0 79.7526 1.17127 59.9855 10.3932 0.336914 0.166504
2.74117 14.5885 1.54424 4.79324 0.454176 0.497757 1.09006 8.41609 -0.41467 8.61843 2.38166 0.924711 3.96313 0.889004 0.113041 1.09745  2048 2048 377 0 0 79.7859 1.11224 59.9855 9.26034 0.0234375 0.0126953
2.74117 14.5885 1.54424 4.79324 0.454176 0.497757 1.26786 8.41609 -0.444105 8.61843 2.38166 0.924711 2.8486 0.889004 0.113041 1.15354  2048 2048 381 0 0 79.6359 1.11035 59.9855 9.29986 0.0302734 0.0229492
2.74117 14.6477 1.54424 4.79324 0.454176 0.497757 1.28666 7.54936 -0.495376 8.61843 2.38166 0.924711 3.96313 0.889004 0.113041 1.06308  2048 2048 378 0 0 79.6359 1.1045 59.9855 9.24276 0.0185547 0.0146484
2.74117 14.5885 4.79324 17.8594 0.454176 0.497757 1.26786 8.41609 -0.444105 2.87515 5.82659 0.399792 3.96313 0.889004 0.113041 1.09745  2048 2048 363 0 0 78.0522 1.14083 59.9855 9.76547 5.31201 3.85938
2.74117 14.5885 1.54424 4.79324 0.454176 0.497757 1.26786 8.41609 -0.452895 8.61843 2.38166 0.399792 3.96313 0.889004 0.113041 1.06308  2048 2048 379 0 0 79.2858 1.10401 59.9855 9.24742 0.0166016 0.0146484
2.74117 14.5885 1.54424 4.79324 0.454176 0.497757 1.28666 8.41609 -0.452895 8.61843 2.38166 0.399792 3.96313 0.889004 0.624043 1.09745  2048 2048 377 0 0 79.0691 1.1046 59.9855 9.21667 0.0390625 0.0117188
2.74117 14.6477 1.54424 4.79324 0.454176 0.497757 1.28666 7.54936 -0.495376 8.61843 2.38166 0.399792 3.96313 0.889004 0.113041 1.9425  2048 2048 378 0 0 79.5192 1.10045 59.9855 9.21302 0.0214844 0.0166016
2.74117 14.5885 1.54424 4.79324 0.454176 0.497757 1.28666 7.54936 -0.495376 8.61843 2.38166 0.924711 3.96313 0.889004 0.113041 1.09745  2048 2048 378 0 0 79.6359 1.10328 59.9855 9.23899 0.0175781 0.0146484
2.74117 14.6477 2.48726 5.19242 0.454176 0.497757 1.26786 8.41609 -0.41467 7.76208 2.38166 0.848415 3.96313 0.889004 0.113041 1.09745  2048 2048 376 0 0 79.0024 1.09535 59.9855 9.16228 0.03125 0.0839844
2.74117 14.5885 1.54424 12.4711 0.454176 0.497757 1.26786 8.41609 -0.444105 8.61843 2.38166 0.399792 3.96313 0.889004 0.113041 1.09745  2048 2048 368 0 0 78.0522 1.11609 59.9855 9.27385 1.08887 2.43604
2.74117 14.5885 1.54424 4.79324 0.454176 0.497757 1.26786 8.41609 0.867061 8.61843 2.38166 0.924711 3.96313 0.889004 0.113041 1.06308  2048 2048 2283 1 0 158.106 3.15213 59.9916 31.4103 79.8389 2.68311
2.74117 14.5885 1.54424 4.79324 0.454176 0.275582 1.28666 8.41609 -0.401807 8.61843 2.38166 0.924711 3.96313 1.69628 0.113041 1.09745  2048 2048 377 0 0 79.2358 1.10365 59.9855 9.25734 0.0605469 0.00732422
4.00525 14.5885 1.54424 4.79324 0.454176 0.497757 1.26786 8.41609 -0.444105 8.61843 2.38166 0.399792 3.96313 0.889004 0.113041 1.09745  2048 2048 483 90 0 99.9235 1.67272 59.9859 15.576 13.939 3.62451
2.74117 14.5885 1.54424 4.79324 0.454176 0.969573 1.26786 8.41609 -0.401807 8.61843 2.38166 0.924711 3.96313 0.889004 0.113041 1.06308  2048 2048 379 0 0 79.0024 1.08923 59.9855 9.17388 0.0410156 0.0439453
0.259407 14.6477 1.54424 4.79324 0.454176 0.497757 1.28666 7.54936 -0.495376 8.61843 14.3352 0.399792 3.96313 0.889004 1.60051 1.09745  2048 1695 369 0 0 409.611 7.34001 59.9967 13.7927 342.883 0.986816
2.74117 14.6477 1.54424 4.79324 0.454176 0.497757 1.26786 8.41609 -0.41467 8.61843 2.38166 1.10721 3.96313 0.889004 0.113041 1.09745  2048 2048 378 0 0 79.5358 1.09123 59.9855 9.24663 0.0214844 0.0185547
2.74117 14.5885 1.54424 18.844 0.454176 0.497757 1.26786 8.41609 -0.444105 8.61843 2.38166 0.924711 3.96313 0.889004 0.113041 1.06308  2048 2048 366 0 0 78.0689 1.15513 59.9855 9.71698 3.73193 3.40479
2.74117 14.5885 1.54424 4.79324 0.454176 0.497757 1.26786 8.41609 -0.401807 4.95468 2.38166 0.924711 3.96313 0.889004 0.113041 1.09745  2048 2048 372 0 0 78.4523 1.08128 59.9855 9.11918 0.111328 1.26123
2.74117 1.21525 1.54424 4.79324 0.454176 0.497757 1.26786 8.41609 -0.444105 8.61843 2.38166 0.399792 3.96313 0.889004 0.113041 1.09745  2048 2048 354 0 0 77.9688 1.07362 59.9855 9.05868 27.2329 0
2.74117 14.5885 1.54424 4.79324 0.454176 0.497757 1.26786 8.41609 -0.41467 8.61843 2.38166 0.924711 3.96313 1.27213 0.113041 1.09745  2048 2048 378 0 0 79.5358 1.09535 59.9855 9.20988 0.034668 0.0131836
2.74117 14.5885 1.54424 4.79324 0.454176 0.497757 1.28666 8.41609 -0.401807 8.61843 2.38166 0.924711 3.96313 0.889004 0.113041 1.09745  2048 2048 378 0 0 79.5192 1.11098 59.9855 9.24053 0.0175781 0.0146484
8.17316 14.5885 1.54424 4.79324 0.454176 0.497757 1.26786 7.22587 -0.495376 8.61843 2.38166 0.848415 3.96313 0.889004 0.113041 1.09745  2048 2048 970 1372 0 121.345 1.31046 59.9861 9.63696 11.9805 3.6709
2.74117 14.6477 1.54424 4.79324 0.454176 0.497757 1.26786 8.41609 -0.41467 8.61843 2.38166 0.399792 3.96313 0.889004 0.113041 1.09745  2048 2048 379 0 0 79.3525 1.09884 59.9855 9.2551 0.0175781 0.0141602
2.74117 14.5885 1.54424 4.79324 0.454176 0.497757 1.26786 8.41609 -0.41467 8.61843 2.38166 0.848415 3.96313 0.889004 1.18821 1.09745  2048 2048 376 0 0 79.2858 1.0941 59.9855 9.21903 0.0908203 0.00878906
2.74117 14.5885 1.54424 4.79324 0.454176 0.497757 1.28666 8.41609 -0.452895 8.61843 2.38166 0.399792 3.96313 0.889004 0.113041 1.98639  2048 2048 378 0 0 79.5192 1.10296 59.9855 9.20035 0.0244141 0.0161133
2.74117 14.6477 1.54424 4.79324 0.454176 0.497757 1.28666 7.54936 0.297769 8.61843 2.38166 0.399792 3.96313 0.889004 0.113041 1.09745  2048 2048 610 0 0 100.524 2.03302 59.9859 20.5977 96.4868 2.73975
2.74117 14.5885 1.54424 4.79324 0.454176 0.497757 1.28666 8.41609 -0.495376 8.61843 2.38166 0.924711 3.96313 1.22379 0.113041 1.09745  2048 2048 378 0 0 79.3191 1.10182 59.9855 9.19738 0.0361328 0.0136719
2.74117 14.5885 1.54424 4.79324 0.454176 0.497757 1.26786 7.22587 -0.495376 8.61843 2.38166 0.924711 3.96313 0.889004 0.113041 1.06308  2048 2048 378 0 0 79.6525 1.1004 59.9855 9.25149 0.0175781 0.0131836
5.41032 14.5885 1.54424 4.79324 0.454176 0.497757 1.26786 8.41609 -0.495376 8.61843 2.38166 0.399792 3.96313 0.889004 0.113041 1.09745  2048 2048 849 949 0 114.51 1.55664 59.986 12.8577 12.4028 3.70117
2.74117 3.4199 1.54424 4.79324 0.454176 0.497757 1.26786 8.41609 -0.41467 8.61843 2.38166 0.924711 3.96313 0.889004 0.113041 1.06308  2048 2048 358 0 0 78.1355 1.0782 59.9855 8.99679 5.88477 0
2.74117 14.5885 1.54424 4.79324 0.454176 0.497757 1.26786 8.41609 0.281198 8.61843 2.38166 0.924711 3.96313 0.889004 0.113041 1.06308  2048 2048 629 0 0 101.857 2.06508 59.9859 21.2211 106.946 2.81689
2.74117 14.5885 4.79324 15.537 0.454176 0.497757 1.28666 7.54936 -0.444105 8.61843 2.38166 0.399792 3.96313 0.889004 0.113041 1.09745  2048 2048 367 0 0 78.1022 1.12566 59.9855 9.52391 2.39307 3.09424
2.74117 3.38145 1.54424 4.79324 0.454176 0.497757 1.28666 7.22587 -0.41467 8.61843 2.38166 0.924711 3.96313 0.889004 0.113041 1.06308  2048 2048 358 0 0 78.2356 1.09241 59.9855 9.01383 5.8374 0
2.74117 14.5885 1.54424 4.79324 0.454176 0.433302 1.26786 8.41609 -0.401807 8.61843 14.6446 0.924711 3.96313 0.889004 0.113041 0.812403  2048 1814 389 0 0 409.611 7.20701 60.0055 24.4101 623.742 1.11279
2.74117 14.5885 1.54424 4.79324 0.454176 0.497757 1.26786 8.41609 -0.444105 8.61843 15.4845 0.399792 3.96313 0.889004 0.113041 1.09745  2048 1774 388 0 0 409.611 7.95849 60.0055 25.9038 730.499 1.12646
