100
3.03995 15.4979 5.80981 7.28904 2.08136 6.43635 0.197272 0.891385 0.86343 0.289315 4.2555 1.33403 1.06333 1.76208  2048 2048 388 0 0 80.236 0.941299 59.9855 10.5185 0.208496 0.0732422
3.03995 15.4979 5.80981 7.28904 2.08136 6.43635 0.864345 0.60799 0.86343 0.0933866 4.2555 1.68474 1.06333 1.14237  2048 2048 387 0 0 80.186 0.934239 59.9855 10.4685 0.196777 0.090332
3.03995 15.4979 5.80981 7.28904 2.08136 6.43635 0.864345 0.60799 0.86343 0.0933866 4.2555 1.68474 1.06333 1.43754  2048 2048 387 0 0 80.3193 0.929569 59.9855 10.4532 0.202148 0.0791016
3.03995 15.4979 5.80981 7.28904 2.08136 6.43635 0.909574 0.60799 0.86343 0.0933866 4.2555 1.54234 1.06333 1.43754  2048 2048 387 0 0 80.236 1.06841 59.9855 10.4525 0.197754 0.0893555
3.03995 15.4979 5.80981 7.28904 2.08136 6.43635 0.197272 0.891385 0.86343 0.0933866 4.2555 1.33403 1.06333 1.76208  2048 2048 388 0 0 80.3027 0.962825 59.9855 10.5189 0.213867 0.0727539
3.03995 15.4979 5.80981 7.28904 2.08136 6.43635 0.864345 0.60799 0.86343 0.0933866 4.2555 1.54234 1.06333 1.14237  2048 2048 388 0 0 80.3527 0.940056 59.9855 10.473 0.193359 0.09375
3.03995 15.4979 5.80981 7.28904 2.08136 6.43635 0.864345 0.60799 0.86343 0.0933866 4.2555 1.33403 1.06333 1.76208  2048 2048 387 0 0 80.236 0.933064 59.9855 10.4524 0.207031 0.0898438
3.03995 15.4979 5.80981 7.28904 2.08136 6.43635 0.864345 0.60799 0.86343 0.0933866 4.2555 1.54234 1.06333 1.76208  2048 2048 387 0 0 80.236 0.938301 59.9855 10.4446 0.223145 0.0742188
3.03995 15.4979 5.80981 7.28904 2.08136 6.43635 0.864345 0.60799 0.86343 0.0933866 4.2555 1.68474 1.06333 1.76208  2048 2048 388 0 0 80.086 0.948433 59.9855 10.4397 0.233398 0.0717773
3.03995 15.4979 5.80981 7.28904 2.08136 6.43635 0.909574 0.553117 0.86343 0.0933866 4.2555 1.33403 1.06333 1.14237  2048 2048 388 0 0 80.3527 1.36115 59.9855 10.4834 0.200684 0.0922852
3.03995 15.4979 5.80981 7.28904 2.08136 6.43635 0.909574 0.553117 0.86343 0.0933866 4.2555 1.54234 1.06333 1.76208  2048 2048 387 0 0 80.2027 0.924195 59.9855 10.4469 0.222656 0.0678711
1.23203 15.4979 5.80981 7.28904 2.08136 6.43635 0.909574 0.891385 0.86343 0.0933866 4.2555 1.33403 1.06333 1.76208  2048 2048 356 0 0 78.2689 0.910176 59.9855 10.1553 25.3506 0
3.03995 15.4979 5.80981 7.28904 2.08136 6.43635 0.197272 0.891385 0.86343 0.289315 4.2555 1.68474 1.06333 1.43754  2048 2048 388 0 0 80.4194 0.958148 59.9856 10.5189 0.241699 0.0639648
3.03995 15.4979 5.80981 7.28904 2.08136 6.43635 0.909574 0.891385 0.86343 0.0933866 4.2555 1.33403 1.06333 1.14237  2048 2048 390 0 0 80.086 0.931072 59.9855 10.4352 0.151855 0.200195
3.03995 15.4979 5.80981 7.28904 2.08136 6.43635 0.909574 0.891385 0.86343 0.0933866 4.2555 1.54234 1.06333 1.43754  2048 2048 389 0 0 80.0026 0.938953 59.9855 10.415 0.192383 0.18457
3.03995 15.4979 5.80981 7.28904 2.08136 6.43635 0.864345 0.60799 0.86343 0.0933866 4.2555 1.33403 1.06333 0.51735  2048 2048 390 0 0 80.4194 0.933096 59.9856 10.5205 0.19873 0.118652
3.03995 15.4979 5.80981 7.28904 2.08136 6.43635 0.864345 0.60799 0.86343 0.0933866 4.2555 1.33403 1.06333 1.14237  2048 2048 388 0 0 80.3527 0.969469 59.9855 10.4804 0.196777 0.101563
3.03995 15.4979 5.80981 7.28904 2.08136 6.43635 0.909574 0.60799 0.86343 0.0933866 4.2555 1.54234 1.06333 1.76208  2048 2048 387 0 0 80.1693 0.939478 59.9855 10.4386 0.233887 0.0795898
3.03995 15.4979 6.46504 7.28904 2.08136 6.43635 0.864345 0.60799 0.86343 0.0933866 4.2555 1.68474 1.06333 1.43754  2048 2048 389 0 0 80.8861 0.939466 59.9856 10.5352 0.383789 0.00488281
3.03995 15.4979 5.80981 7.28904 2.08136 6.43635 0.909574 0.553117 0.86343 0.0933866 4.2555 1.68474 1.06333 1.14237  2048 2048 387 0 0 80.186 0.933554 59.9855 10.4709 0.19873 0.0795898
3.03995 15.4979 5.80981 7.28904 2.08136 6.43635 0.864345 0.60799 0.86343 0.0933866 4.2555 1.54234 1.06333 1.43754  2048 2048 387 0 0 80.236 0.954063 59.9855 10.4585 0.214844 0.0864258
3.03995 15.4979 5.80981 7.28904 2.08136 6.43635 0.197272 0.553117 0.86343 0.0933866 4.2555 1.33403 1.06333 1.14237  2048 2048 387 0 0 80.7528 0.939959 59.9856 10.676 0.333984 0.0244141
3.03995 15.4979 5.80981 7.28904 2.08136 6.43635 0.864345 0.248115 0.86343 0.0933866 4.2555 1.54234 1.06333 1.76208  2048 2048 387 0 0 80.436 0.931493 59.9856 10.5178 0.430176 0.015625
3.03995 15.4979 5.80981 7.28904 2.08136 6.43635 0.197272 0.60799 0.86343 0.0933866 4.2555 1.68474 1.06333 1.43754  2048 2048 386 0 0 80.8528 1.08644 59.9856 10.6082 0.324219 0.0224609
3.03995 15.4979 5.80981 7.28904 2.08136 6.43635 0.864345 0.60799 0.86343 4.2555 9.57305 1.54234 1.06333 1.76208  2048 2048 388 0 0 80.086 0.953036 59.9855 10.4395 0.423828 0.359863
3.03995 15.4979 5.80981 7.28904 2.08136 6.43635 0.197272 0.60799 0.86343 0.0933866 4.2555 1.33403 1.06333 1.14237  2048 2048 386 0 0 80.9862 0.954944 59.9856 10.6504 0.37207 0.0288086
3.03995 15.4979 5.80981 7.28904 2.08136 6.43635 0.846034 0.60799 0.86343 0.0933866 4.2555 1.54234 1.06333 1.43754  2048 2048 387 0 0 80.236 0.936772 59.9855 10.4609 0.202637 0.0830078
3.03995 15.4979 5.80981 7.28904 2.08136 6.43635 0.264595 0.60799 0.86343 0.0933866 4.2555 1.68474 1.06333 1.43754  2048 2048 386 0 0 80.5527 0.950751 59.9856 10.5838 0.296387 0.0263672
3.03995 15.4979 5.80981 7.28904 2.08136 6.43635 0.197272 0.60799 0.86343 0.0933866 4.2555 1.33403 1.06333 1.76208  2048 2048 386 0 0 80.8861 0.954384 59.9856 10.6073 0.319824 0.0234375
3.03995 15.4979 5.80981 7.28904 2.08136 6.43635 0.909574 0.891385 0.86343 0.0933866 4.2555 1.33403 1.06333 1.76208  2048 2048 389 0 0 80.1526 1.26659 59.9855 10.4103 0.185059 0.183594
3.03995 15.4979 5.80981 7.28904 2.08136 6.43635 0.197272 0.891385 1.987 0.289315 4.2555 1.33403 1.06333 1.76208  2048 2048 389 0 0 79.8192 0.930871 59.9855 10.3989 0.165527 0.329102
3.03995 15.4979 5.80981 7.28904 2.08136 24.366 0.864345 0.60799 0.86343 0.0933866 4.2555 1.54234 1.06333 1.76208  2048 2048 395 0 0 80.3027 1.00835 59.9855 11.6047 6.80176 5.43945
3.03995 15.4979 5.80981 7.28904 2.08136 6.43635 0.452834 0.60799 0.86343 0.0933866 4.2555 1.33403 1.06333 1.76208  2048 2048 387 0 0 80.5027 0.968214 59.9856 10.528 0.330078 0.0463867
3.03995 15.4979 5.80981 7.28904 2.08136 6.43635 0.556841 0.60799 0.86343 0.0933866 4.2555 1.54234 1.06333 1.43754  2048 2048 387 0 0 80.3694 0.945362 59.9855 10.5111 0.209961 0.0507813
3.03995 15.4979 5.80981 7.28904 2.08136 6.43635 0.197272 0.891385 0.86343 0.0933866 4.2555 1.33403 1.06333 1.43754  2048 2048 388 0 0 80.8361 0.933143 59.9856 10.5345 0.213867 0.0810547
3.03995 15.4979 5.80981 7.28904 2.08136 6.43635 0.197272 0.60799 0.86343 0.289315 4.2555 1.68474 1.06333 1.14237  2048 2048 386 0 0 80.4194 0.947293 59.9856 10.6293 0.320313 0.0239258
3.03995 15.4979 5.80981 7.28904 2.08136 6.43635 0.197272 0.891385 0.86343 0.0933866 4.2555 1.68474 1.06333 1.43754  2048 2048 388 0 0 80.4194 0.995975 59.9856 10.5202 0.245605 0.0668945
6.90756 15.4979 5.80981 7.28904 2.08136 6.43635 0.864345 0.60799 0.86343 0.0933866 4.2555 1.68474 1.06333 1.14237  2048 2048 967 1216 0 116.927 1.09137 59.9861 11.3335 12.2368 3.56836
3.03995 15.4979 5.80981 7.28904 2.08136 6.43635 0.864345 0.60799 0.86343 0.0933866 4.2555 1.33403 1.06333 1.43754  2048 2048 387 0 0 80.1693 0.925278 59.9855 10.4663 0.209473 0.0952148
3.03995 14.6287 5.80981 7.28904 2.08136 6.43635 0.864345 0.60799 0.86343 0.0933866 4.2555 1.68474 1.06333 1.76208  2048 2048 387 0 0 80.086 0.924099 59.9855 10.4142 0.350586 0.0361328
3.79192 15.4979 5.80981 7.28904 2.08136 6.43635 0.864345 0.60799 0.86343 0.0933866 4.2555 1.68474 1.06333 1.76208  2048 2048 398 0 0 83.0199 0.983043 59.9856 10.9052 0.333008 2.61768
3.03995 15.4979 5.80981 7.28904 2.08136 6.43635 0.909574 0.60799 0.86343 0.0933866 4.2555 1.68474 1.06333 1.76208  2048 2048 388 0 0 80.086 0.935665 59.9855 10.4335 0.241699 0.0742188
3.03995 15.4979 5.80981 7.28904 2.08136 6.43635 0.802271 0.60799 0.86343 0.0933866 4.2555 1.54234 1.06333 1.76208  2048 2048 387 0 0 80.2527 0.942218 59.9855 10.4537 0.246094 0.0688477
3.03995 15.4979 5.80981 16.4196 2.08136 6.43635 0.197272 0.891385 0.86343 0.0933866 4.2555 1.68474 1.06333 1.76208  2048 2048 390 0 0 84.0368 1.09685 59.9856 11.0684 4.00195 0
3.03995 15.4979 5.80981 7.28904 2.08136 6.43635 0.197272 0.60799 0.86343 0.289315 4.2555 1.33403 1.06333 1.76208  2048 2048 386 0 0 80.8361 0.974504 59.9856 10.6062 0.337402 0.0244141
3.03995 15.4979 5.80981 9.7055 2.08136 6.43635 0.197272 0.60799 0.86343 0.0933866 4.2555 1.33403 1.06333 1.76208  2048 2048 386 0 0 81.3696 0.959736 59.9856 10.7422 0.86084 0
3.03995 15.4979 5.80981 7.28904 2.08136 6.43635 0.909574 0.891385 0.86343 0.0933866 4.2555 1.33403 1.06333 1.43754  2048 2048 389 0 0 80.1693 0.917861 59.9855 10.4221 0.169434 0.196289
3.03995 15.4979 5.80981 7.28904 2.08136 6.43635 0.923124 0.891385 0.86343 0.0933866 4.2555 1.54234 1.06333 1.76208  2048 2048 388 0 0 80.086 0.920475 59.9855 10.4025 0.164063 0.174316
3.03995 15.4979 5.80981 7.28904 2.08136 6.43635 0.864345 1.28141 0.86343 0.0933866 4.2555 1.68474 1.06333 1.76208  2048 2048 389 0 0 79.9193 0.951931 59.9855 10.3709 0.179688 0.304199
3.03995 15.4979 5.80981 7.28904 2.08136 6.43635 0.909574 0.60799 0.106693 0.0933866 4.2555 1.54234 1.06333 1.43754  2048 2048 386 0 0 81.8863 1.32329 59.9856 10.6321 0.451172 0.0107422
3.03995 15.4979 5.80981 7.28904 2.08136 6.43635 0.864345 0.891385 0.86343 0.0933866 4.2555 1.54234 1.06333 1.14237  2048 2048 389 0 0 80.186 0.935129 59.9855 10.4339 0.178711 0.183594
3.03995 15.4979 5.80981 7.28904 2.08136 6.43635 0.909574 0.60799 0.86343 0.0933866 4.2555 1.33403 1.06333 1.43754  2048 2048 387 0 0 80.1526 0.940826 59.9855 10.4594 0.216797 0.104004
3.03995 8.01477 5.80981 7.28904 2.08136 6.43635 0.864345 0.60799 0.86343 0.0933866 4.2555 1.68474 1.06333 1.43754  2048 2048 378 0 0 79.3025 0.937623 59.9855 10.2361 1.88818 0
3.03995 15.4979 5.80981 7.28904 2.08136 6.43635 0.909574 0.60799 0.86343 0.0933866 4.2555 1.33403 1.06333 1.14237  2048 2048 388 0 0 80.3527 0.933921 59.9855 10.4738 0.198242 0.108398
3.03995 15.4979 5.80981 7.28904 2.08136 6.43635 0.864345 0.60799 0.86343 4.2555 8.35963 1.68474 1.06333 1.76208  2048 2048 389 0 0 80.086 0.931707 59.9855 10.4848 0.423828 0.277832
3.03995 15.4979 5.80981 7.28904 2.08136 6.43635 0.864345 0.60799 0.86343 0.0933866 4.2555 1.68474 0.680258 1.76208  2048 2048 388 0 0 80.186 0.930328 59.9855 10.4493 0.164063 0.0839844
3.03995 15.4979 5.80981 7.28904 2.08136 6.43635 0.864345 0.553117 0.86343 0.0933866 4.2555 1.33403 1.06333 1.43754  2048 2048 387 0 0 80.1693 1.12663 59.9855 10.4754 0.210449 0.0786133
3.03995 15.4979 5.80981 7.28904 2.08136 6.43635 0.197272 0.60799 0.86343 0.0933866 4.2555 1.54234 1.06333 1.76208  2048 2048 386 0 0 80.236 0.941529 59.9855 10.5932 0.343262 0.0234375
3.03995 15.4979 5.80981 7.28904 2.08136 6.43635 0.864345 0.553117 0.86343 0.0933866 4.2555 1.54234 1.06333 1.14237  2048 2048 387 0 0 80.2027 0.922528 59.9855 10.4815 0.188965 0.0810547
3.03995 15.4979 5.80981 7.28904 2.08136 6.43635 0.864345 0.891385 0.86343 0.0933866 4.2555 1.33403 1.06333 1.76208  2048 2048 389 0 0 80.2027 0.924746 59.9855 10.4151 0.189941 0.173828
3.03995 15.4979 5.80981 7.28904 2.08136 6.43635 0.197272 0.891385 0.86343 0.0933866 4.2555 1.54234 1.06333 1.76208  2048 2048 388 0 0 80.7028 0.957852 59.9856 10.5111 0.245117 0.0634766
3.03995 15.4979 5.80981 7.28904 2.08136 6.43635 0.864345 0.60799 0.86343 4.2555 12.0261 1.68474 1.06333 1.43754  2048 2048 382 0 0 79.8692 0.927345 59.9855 10.396 0.458984 0.538086
3.03995 15.4979 5.80981 7.28904 2.08136 6.43635 0.864345 0.891385 0.86343 0.289315 4.2555 1.54234 1.06333 1.14237  2048 2048 389 0 0 80.2027 0.925763 59.9855 10.4322 0.150879 0.183105
3.03995 15.4979 5.80981 7.28904 2.08136 6.43635 0.909574 0.60799 0.86343 0.0933866 4.2555 1.54234 1.06333 1.14237  2048 2048 388 0 0 80.3193 1.13738 59.9855 10.4664 0.194336 0.100098
3.03995 15.4979 5.80981 7.28904 2.08136 6.43635 0.909574 0.60799 0.86343 0.0933866 4.2555 1.33403 1.06333 1.76208  2048 2048 387 0 0 80.236 0.949239 59.9855 10.4468 0.229004 0.0913086
3.03995 15.4979 5.80981 7.28904 2.08136 6.43635 0.197272 0.553117 0.86343 0.0933866 4.2555 1.33403 1.06333 1.76208  2048 2048 386 0 0 80.9862 0.956557 59.9856 10.6304 0.338867 0.0170898
3.03995 15.4979 5.80981 7.28904 2.08136 6.43635 0.864345 0.60799 0.86343 0.289315 4.2555 1.54234 1.06333 1.76208  2048 2048 387 0 0 80.2027 0.925996 59.9855 10.4434 0.220703 0.0771484
3.03995 15.4979 5.80981 7.28904 2.08136 6.43635 0.909574 0.60799 0.86343 0.0933866 4.2555 1.68474 1.06333 1.43754  2048 2048 387 0 0 80.4194 0.93259 59.9856 10.4471 0.205078 0.0839844
3.03995 15.4979 5.80981 7.28904 2.08136 6.43635 0.864345 0.60799 0.86343 0.0933866 4.2555 1.33403 1.06333 1.00705  2048 2048 389 0 0 80.3193 0.961941 59.9855 10.4877 0.208008 0.106445
3.03995 15.4979 5.80981 7.28904 2.08136 6.43635 0.864345 0.60799 0.86343 0.0933866 4.2555 1.33403 1.06333 1.03543  2048 2048 389 0 0 80.3027 1.03234 59.9855 10.4853 0.193848 0.104492
3.03995 15.4979 5.80981 7.28904 2.08136 6.43635 0.864345 0.60799 0.86343 0.0933866 4.2555 0.392041 1.06333 1.76208  2048 2048 389 0 0 80.436 1.10684 59.9856 10.5011 0.231934 0.129883
3.03995 15.4979 5.80981 7.28904 2.08136 6.43635 0.864345 0.891385 0.86343 0.289315 4.2555 1.33403 1.06333 1.76208  2048 2048 389 0 0 80.2027 0.932642 59.9855 10.4145 0.216797 0.17627
3.03995 15.4979 5.80981 7.28904 2.08136 6.43635 0.864345 1.15738 0.86343 0.0933866 4.2555 1.68474 1.06333 1.76208  2048 2048 389 0 0 80.0026 0.949101 59.9855 10.379 0.169922 0.25293
3.03995 15.4979 5.80981 7.28904 2.08136 6.43635 0.197272 0.891385 0.86343 0.0933866 4.2555 1.54234 1.06333 1.14237  2048 2048 389 0 0 80.8528 0.941308 59.9856 10.5402 0.222168 0.0820313
3.03995 15.4979 5.80981 7.28904 2.08136 6.43635 0.864345 0.60799 0.86343 0.0933866 4.2555 1.68474 1.06333 1.76385  2048 2048 388 0 0 80.086 0.918507 59.9855 10.4395 0.234863 0.0703125
3.03995 15.4979 5.80981 7.28904 2.08136 6.43635 0.197272 0.891385 0.86343 0.289315 2.65084 1.33403 1.06333 1.14237  2048 2048 391 0 0 81.3029 0.951172 59.9856 10.6668 0.180664 0.132324
3.03995 15.4979 5.80981 7.28904 2.08136 24.134 0.909574 0.60799 0.86343 0.0933866 4.2555 1.54234 1.06333 1.43754  2048 2048 396 0 0 80.436 1.16288 59.9856 11.7634 6.82031 5.33398
3.03995 15.4979 5.80981 7.28904 6.43635 38.9706 0.864345 0.60799 0.86343 0.0933866 4.2555 1.33403 1.06333 1.76208  2048 2048 396 0 0 81.1529 1.12247 59.9856 12.9612 10.4912 5.39063
3.03995 15.4979 5.80981 7.28904 2.08136 6.43635 0.864345 0.891385 1.64165 0.0933866 4.2555 1.33403 1.06333 1.76208  2048 2048 391 0 0 79.7192 0.916866 59.9855 10.35 0.161133 0.463867
3.03995 15.4979 5.80981 7.28904 2.08136 6.43635 0.864345 0.60799 0.86343 0.0933866 4.2555 1.54234 1.06333 1.38462  2048 2048 387 0 0 80.186 0.939388 59.9855 10.4607 0.205078 0.0864258
3.03995 19.1266 5.80981 7.28904 2.08136 6.43635 0.197272 0.891385 0.86343 0.0933866 4.2555 1.68474 1.06333 1.14237  2048 2048 391 0 0 80.8861 0.981457 59.9856 10.6645 0.132324 0.288086
3.03995 15.4979 5.80981 7.28904 6.43635 40.7987 0.864345 0.60799 0.86343 0.0933866 4.2555 1.68474 1.06333 1.14237  2048 2048 398 0 0 81.2029 1.13443 59.9856 13.0893 10.958 5.396
3.03995 15.4979 5.80981 7.28904 2.08136 6.43635 0.864345 0.60799 0.86343 0.0933866 4.2555 1.54234 1.06333 0.355235  2048 2048 390 0 0 80.4194 0.941606 59.9856 10.5267 0.223145 0.116699
3.03995 15.4979 5.80981 16.3646 2.08136 6.43635 0.864345 0.60799 0.86343 0.0933866 4.2555 1.33403 1.06333 1.76208  2048 2048 391 0 0 83.3533 1.01105 59.9856 10.9563 3.53076 0
3.03995 15.4979 5.80981 7.28904 2.08136 6.43635 0.864345 0.891385 0.86343 0.289315 4.2555 1.68474 1.06333 1.43754  2048 2048 389 0 0 80.0193 0.949256 59.9855 10.4145 0.21582 0.164063
3.03995 15.4979 5.80981 7.28904 2.08136 6.43635 0.197272 0.891385 0.86343 0.0933866 4.2555 1.33403 1.06333 1.14237  2048 2048 389 0 0 80.8361 0.953051 59.9856 10.5489 0.213379 0.0908203
3.03995 15.4979 5.80981 7.28904 2.08136 6.43635 0.864345 0.60799 0.86343 0.0933866 4.2555 1.54924 1.06333 1.14237  2048 2048 388 0 0 80.3527 0.931107 59.9855 10.4726 0.202637 0.0952148
3.03995 15.4979 5.80981 7.28904 2.08136 6.43635 0.909574 0.60799 0.86343 0.0933866 4.2555 1.68474 1.06333 1.14237  2048 2048 387 0 0 80.1693 0.936724 59.9855 10.4622 0.214355 0.09375
3.03995 15.4979 5.80981 7.28904 2.08136 6.43635 0.197272 0.891385 0.86343 0.0933866 4.2555 1.68474 1.06333 1.76208  2048 2048 388 0 0 80.6194 0.966864 59.9856 10.5044 0.232422 0.0576172
3.03995 15.4979 5.80981 7.28904 2.08136 6.43635 0.864345 0.60799 0.86343 0.0933866 4.2555 1.33403 1.06333 0.236702  2048 2048 390 0 0 80.5027 0.947912 59.9856 10.5429 0.207031 0.12793
0.663167 1.82989 4.90127 2.54402 3.65764 22.5471 0.0625019 0.735374 0.34199 7.1157 9.77569 1.56713 0.889126 0.0726341  2048 2048 390 0 0 82.8032 1.39612 59.9856 15.8965 193.155 18.7524
8.13562 9.87396 9.09604 6.36006 27.485 35.3877 1.00406 0.662069 1.31413 1.56255 7.87439 1.45207 0.0518815 1.70763  2048 2047 978 956 0 409.611 2.35565 59.9861 16.9997 48.0063 62.6108
3.11869 4.78774 6.72445 17.2936 10.2725 44.9614 1.65246 1.07663 1.2006 11.1069 11.196 1.12015 0.301157 0.416028  2048 1281 4521 1187 0 409.611 12.8139 60.0057 20.3133 257.155 2.9751
2.39753 19.1949 5.72649 5.21012 3.60118 29.0719 1.83862 1.7658 1.17747 16.8603 19.5972 0.649678 0.318857 0.276437  2048 250 13157 203 0 409.611 15.6422 59.9935 8.0426 4.42578 0.837891
9.80468 18.7964 6.38295 4.18226 31.6294 40.4859 0.196478 1.94812 1.60234 12.6347 12.7512 0.539262 1.20682 0.0655538  2048 2048 1032 1308 0 131.795 1.34625 59.987 12.7604 23.5522 69.0674
4.32539 14.5915 1.6953 17.9418 22.3075 47.5311 0.793725 1.03085 1.79937 1.43193 8.96817 1.07987 0.800073 1.02988  2048 2048 3861 615 0 281.242 10.646 60.0017 136.408 2390.66 249.133
2.87149 10.2371 0.373852 17.8149 22.7226 32.5663 0.237312 1.75262 1.24784 6.41621 18.1317 0.266427 1.92383 0.137333  2048 2048 2036 2 0 257.548 11.0697 60.0005 146.2 4078.94 137.105
1.13926 18.9874 8.258 13.1822 21.9413 37.9131 1.6632 1.98938 0.844447 13.8273 16.4348 0.674886 0.81814 1.63976  2048 1454 1621 1276 0 409.611 10.2195 60.0057 17.5798 322.533 3.06299
7.64763 14.7136 8.9404 4.84573 3.05948 5.87787 0.0667135 1.34788 1.36412 11.2992 12.0811 1.38896 0.974334 0.712119  2048 2046 958 1170 0 409.611 2.01648 59.9862 11.3967 6.06592 46.3052
1.91351 6.20441 7.27378 14.2198 44.319 49.3469 0.578326 1.2382 0.548296 16.1895 17.9357 0.941496 1.98938 1.85015  2048 1530 3839 560 0 409.611 15.4613 60.0057 113.791 4142.31 7.97656
