100 2
2.74117 14.5885 1.54424 4.79324 0.454176 0.497757 1.28666 7.22587 -0.495376 8.21619 2.38166 0.399792 4.53627 1.66277 0.113041 0.430616  2048 2048 377 0 0 78.919 2.78734 59.9855 9.18159 0.0195313 0.0224609
2.74117 14.5885 1.54424 4.79324 0.454176 0.497757 1.28666 7.22587 -0.495376 8.21619 2.38166 0.399792 4.53627 0.889004 0.113041 1.15244  2048 2048 377 0 0 79.0024 2.89899 59.9855 9.18137 0.0185547 0.0273438
2.74117 14.5885 1.54424 4.79324 0.454176 0.497757 1.28666 7.22587 -0.495376 8.21619 2.38166 0.399792 4.53627 0.889004 0.219916 1.1962  2048 2048 377 0 0 78.9357 2.81225 59.9855 9.17402 0.0195313 0.0253906
2.74117 14.5885 1.54424 4.79324 0.454176 0.497757 1.28666 7.22587 -0.495376 8.21619 2.38166 0.399792 4.53627 0.889004 0.219916 1.15244  2048 2048 377 0 0 78.919 2.9187 59.9855 9.17617 0.0205078 0.0244141
2.74117 14.5885 1.54424 4.79324 0.454176 0.497757 1.26786 8.62941 -0.495376 8.21619 2.38166 0.399792 4.44655 1.66277 0.113041 0.430616  2048 2048 377 0 0 78.869 2.8775 59.9855 9.15917 0.0214844 0.0239258
2.74117 14.5885 1.54424 4.79324 0.454176 0.497757 1.28666 7.22587 -0.495376 8.21619 2.38166 0.399792 4.53627 0.889004 0.113041 1.1962  2048 2048 377 0 0 79.0024 2.87629 59.9855 9.17961 0.0195313 0.027832
2.74117 14.5885 1.54424 4.79324 0.454176 0.497757 1.26786 7.22587 -0.495376 8.21619 2.38166 0.399792 4.53627 0.889004 0.113041 1.15244  2048 2048 377 0 0 79.0024 2.86719 59.9855 9.1825 0.0195313 0.027832
2.74117 14.5885 1.54424 4.79324 0.454176 0.497757 1.26786 7.22587 -0.495376 8.21619 2.38166 0.399792 4.53627 0.889004 0.219916 1.1962  2048 2048 377 0 0 78.919 2.88785 59.9855 9.17597 0.0214844 0.0244141
2.74117 14.5885 1.54424 4.79324 0.454176 0.497757 1.26786 9.27091 -0.414899 8.21619 2.38166 0.399792 4.44655 0.889004 0.113041 1.1962  2048 2048 377 0 0 78.9024 2.88502 59.9855 9.15979 0.0195313 0.03125
2.74117 14.5885 1.54424 4.79324 0.454176 0.497757 1.26786 9.27091 -0.414899 8.21619 2.38166 0.399792 4.53627 1.66277 0.113041 0.430616  2048 2048 377 0 0 78.869 2.89052 59.9855 9.15987 0.0234375 0.0224609
1.60619 14.5885 1.54424 4.79324 0.454176 0.497757 1.28666 7.22587 -0.495376 8.21619 2.38166 0.399792 4.53627 1.66277 0.113041 0.430616  2048 2048 351 0 0 77.3187 2.79939 59.9855 8.97548 7.53271 0
2.74117 14.5885 1.54424 4.79324 0.454176 0.497757 1.26786 8.62941 0.958663 8.21619 2.38166 0.399792 4.44655 1.66277 0.113041 0.430616  2048 2048 2460 5 0 163.704 7.91282 59.9924 31.8528 58.2114 2.61768
2.74117 14.5885 1.54424 4.79324 0.454176 0.497757 1.26786 7.22587 -0.495376 8.21619 2.38166 0.399792 4.53627 0.266732 0.219916 0.430616  2048 2048 378 0 0 79.2358 2.85278 59.9855 9.25686 0.0224609 0.0595703
2.74117 14.5885 1.54424 4.79324 0.454176 0.497757 1.28666 7.22587 -0.495376 8.21619 2.38166 0.399792 4.53627 1.66277 0.219916 1.15244  2048 2048 374 0 0 79.2358 2.85437 59.9855 9.15257 0.0454102 0.0141602
2.74117 14.5885 1.54424 4.79324 0.454176 0.497757 1.26786 7.22587 -0.495376 8.21619 2.38166 0.399792 4.53627 0.889004 0.113041 1.1962  2048 2048 377 0 0 79.0024 2.89312 59.9855 9.18125 0.0234375 0.0273438
2.74117 14.5885 1.54424 4.79324 0.454176 0.497757 1.26786 8.62941 -0.495376 8.21619 2.38166 0.399792 4.44655 1.66277 0.113041 1.1962  2048 2048 374 0 0 79.1524 2.86528 59.9855 9.12997 0.0478516 0.0185547
2.74117 14.5885 1.54424 4.79324 0.454176 0.497757 1.26786 9.27091 -0.414899 8.21619 2.38166 0.399792 4.44655 0.889004 0.113041 0.430616  2048 2048 377 0 0 79.1524 2.84426 59.9855 9.19615 0.0185547 0.0390625
2.74117 14.5885 1.54424 4.79324 0.454176 0.497757 1.28666 7.22587 -0.495376 7.9809 2.38166 0.399792 4.53627 0.889004 0.113041 1.1962  2048 2048 377 0 0 78.919 2.9293 59.9855 9.16413 0.0234375 0.0405273
2.74117 14.5885 1.54424 4.79324 0.454176 0.497757 1.28666 7.22587 -0.495376 8.21619 2.38166 0.399792 4.53627 0.889004 0.113041 1.47667  2048 2048 377 0 0 78.9357 2.87829 59.9855 9.17139 0.0195313 0.0263672
2.74117 14.5885 1.54424 4.79324 0.454176 0.497757 1.28666 9.27091 -0.414899 8.21619 2.38166 0.399792 4.53627 0.889004 0.113041 1.1962  2048 2048 377 0 0 78.9024 2.91733 59.9855 9.15514 0.0205078 0.0322266
2.74117 14.5885 1.54424 4.79324 0.454176 0.497757 1.28666 7.22587 -0.495376 8.21619 2.38166 0.399792 4.53627 1.22324 0.219916 1.1962  2048 2048 377 0 0 78.9024 2.8831 59.9855 9.16199 0.0263672 0.0200195
2.74117 14.5885 1.54424 4.79324 0.454176 0.497757 1.26786 7.22587 -0.495376 8.21619 2.38166 0.399792 4.53627 0.889004 0.113041 0.430616  2048 2048 377 0 0 79.1191 2.8792 59.9855 9.21631 0.0185547 0.0356445
2.74117 14.5885 1.54424 4.79324 0.454176 0.497757 1.26786 7.22587 -0.495376 8.21619 2.38166 0.399792 4.53627 1.66277 0.113041 0.430616  2048 2048 377 0 0 78.9024 2.81631 59.9855 9.18343 0.0195313 0.0200195
2.74117 14.5885 1.54424 4.79324 0.454176 0.497757 1.28666 7.22587 -0.495376 8.21619 8.55251 0.399792 4.53627 0.889004 0.113041 1.15244  2048 2019 385 0 0 409.611 9.82917 59.9861 16.6407 207.552 0.62793
2.74117 14.5885 1.54424 4.79324 0.454176 1.7 1.26786 9.27091 -0.414899 8.21619 2.38166 0.399792 4.53627 0.889004 0.219916 1.1962  2048 2048 381 0 0 78.7857 2.90756 59.9855 9.06161 0.0332031 0.177246
2.74117 14.5885 1.54424 4.79324 0.454176 0.497757 1.26786 7.22587 -0.495376 8.55892 2.38166 0.399792 4.53627 0.889004 0.219916 1.1962  2048 2048 377 0 0 79.0691 2.91881 59.9855 9.20522 0.0244141 0.0141602
2.74117 14.5885 1.54424 4.79324 0.454176 0.497757 1.26786 7.22587 -0.495376 8.21619 2.38166 0.399792 4.53627 1.66277 0.219916 1.1962  2048 2048 374 0 0 79.2024 2.67882 59.9855 9.15311 0.0537109 0.0136719
2.74117 14.5885 1.54424 4.79324 0.454176 0.497757 1.26786 9.27091 -0.414899 8.21619 2.38166 0.399792 4.53627 0.889004 0.113041 1.15244  2048 2048 377 0 0 78.9024 2.9265 59.9855 9.15826 0.0205078 0.0327148
2.74117 14.5885 1.54424 4.79324 0.454176 0.497757 1.26786 9.27091 -0.414899 8.21619 8.72402 0.399792 4.53627 0.889004 0.113041 1.1962  2048 2018 385 0 0 409.611 9.8313 59.9862 16.7043 212.151 0.59375
2.74117 14.5885 1.54424 4.79324 0.454176 0.497757 1.26786 7.22587 -0.495376 8.21619 2.38166 0.399792 4.44655 0.889004 0.113041 1.15244  2048 2048 377 0 0 79.0691 2.9267 59.9855 9.18612 0.03125 0.0283203
2.74117 14.5885 1.58269 4.79324 0.454176 0.497757 1.28666 7.22587 -0.495376 8.21619 2.38166 0.399792 4.53627 0.889004 1.53032 0.430616  2048 2048 376 0 0 78.9024 2.86783 59.9855 9.21279 0.112305 0.0102539
2.74117 14.5885 1.54424 3.16599 0.454176 0.497757 1.28666 7.22587 -0.495376 8.21619 2.38166 0.399792 4.53627 0.889004 0.219916 1.1962  2048 2048 376 0 0 79.9193 2.84219 59.9855 9.45086 0.100586 0.00927734
2.74117 14.5885 1.54424 4.79324 0.454176 0.497757 1.26786 9.27091 -0.414899 8.21619 2.38166 0.399792 4.53627 0.889004 0.219916 1.1962  2048 2048 377 0 0 78.869 2.92456 59.9855 9.15123 0.0214844 0.0288086
2.74117 14.5885 1.54424 4.79324 0.454176 0.497757 1.26786 7.22587 -0.495376 8.21619 4.69802 0.399792 4.53627 0.889004 0.113041 1.15244  2048 2044 382 0 0 409.611 7.8457 59.9857 10.0608 0.767578 0
2.74117 14.5885 4.79324 10.6595 0.454176 0.497757 1.26786 7.22587 -0.495376 8.21619 2.38166 0.399792 4.53627 0.889004 0.219916 1.1962  2048 2048 374 0 0 78.4856 2.95126 59.9855 9.14955 0.464355 1.68604
2.74117 14.5885 1.54424 4.79324 0.454176 0.497757 1.26786 8.62941 -0.495376 8.21619 2.38166 0.399792 4.53627 1.66277 0.113041 0.430616  2048 2048 377 0 0 78.869 2.88986 59.9855 9.15623 0.0234375 0.0229492
2.74117 14.5885 1.54424 4.79324 0.454176 0.497757 1.26786 7.22587 -0.495376 8.21619 2.38166 0.399792 4.53627 0.889004 0.219916 1.15244  2048 2048 377 0 0 78.919 2.8548 59.9855 9.17726 0.0224609 0.0239258
2.74117 14.5885 1.54424 4.79324 0.454176 0.497757 1.28666 9.27091 -0.495376 8.21619 2.38166 0.399792 4.53627 0.889004 0.113041 1.1962  2048 2048 377 0 0 78.869 3.22212 59.9855 9.14532 0.0234375 0.034668
2.74117 14.5885 1.54424 4.79324 0.454176 0.497757 1.26786 7.22587 -0.495376 8.21619 2.38166 0.399792 4.53627 1.66277 0.113041 1.15244  2048 2048 374 0 0 79.2691 2.8613 59.9855 9.15641 0.0302734 0.0146484
2.74117 14.5885 1.54424 4.79324 0.454176 0.497757 1.26786 9.27091 -0.495376 8.21619 2.38166 0.399792 4.53627 1.66277 0.113041 0.430616  2048 2048 377 0 0 78.869 3.57658 59.9855 9.15006 0.0244141 0.0239258
2.74117 14.5885 1.54424 4.79324 0.254158 0.497757 1.26786 7.22587 -0.495376 8.21619 2.38166 0.399792 4.53627 0.889004 0.113041 1.15244  2048 2048 377 0 0 78.9524 2.86892 59.9855 9.2215 0.0351563 0.0209961
2.74117 14.5885 4.79324 9.69451 0.454176 0.497757 1.26786 9.27091 -0.414899 8.21619 2.38166 0.399792 4.53627 1.66277 0.113041 0.430616  2048 2048 374 0 0 78.4523 2.93075 59.9855 9.07479 0.27832 1.08057
2.74117 14.5885 1.54424 4.79324 0.454176 0.497757 1.28666 7.22587 -0.414899 8.21619 2.38166 0.399792 4.44655 0.889004 0.113041 1.1962  2048 2048 377 0 0 79.1524 2.89796 59.9855 9.20772 0.0224609 0.0297852
2.74117 14.5885 1.54424 4.79324 0.454176 0.497757 1.28666 8.62941 -0.495376 8.21619 2.38166 0.399792 4.44655 1.66277 0.113041 0.430616  2048 2048 377 0 0 78.9024 2.93499 59.9855 9.15867 0.0361328 0.0234375
2.74117 14.5885 1.54424 4.79324 0.454176 0.497757 1.26786 9.27091 -0.495376 8.21619 2.38166 0.399792 4.53627 0.889004 0.113041 1.15244  2048 2048 377 0 0 78.9024 2.88593 59.9855 9.14885 0.0273438 0.0336914
2.74117 14.5885 1.54424 4.79324 0.454176 0.497757 1.28666 8.86807 -0.495376 8.21619 2.38166 0.399792 4.53627 0.889004 0.219916 1.1962  2048 2048 377 0 0 78.869 2.90605 59.9855 9.14377 0.0244141 0.0297852
2.74117 14.5885 1.54424 4.79324 0.454176 0.497757 1.28666 7.22587 -0.495376 8.21619 2.38166 0.399792 4.53627 0.889004 0.622761 1.1962  2048 2048 376 0 0 78.9524 3.14675 59.9855 9.17074 0.0615234 0.0175781
2.74117 14.5885 1.54424 4.79324 0.454176 0.497757 1.28666 7.22587 -0.495376 8.21619 2.38166 0.399792 4.44655 1.66277 0.113041 1.1962  2048 2048 376 0 0 79.1524 3.74447 59.9855 9.15695 0.0302734 0.015625
2.74117 14.5885 1.54424 4.79324 0.454176 0.497757 1.26786 9.27091 -0.495376 8.21619 2.38166 0.399792 4.44655 0.889004 0.113041 1.15244  2048 2048 377 0 0 78.9024 3.65079 59.9855 9.15189 0.0263672 0.0336914
2.74117 14.5885 1.54424 4.79324 0.454176 0.497757 1.26786 8.62941 -0.495376 8.21619 2.38166 0.399792 4.53627 0.889004 0.113041 1.1962  2048 2048 377 0 0 78.9024 2.98744 59.9855 9.1529 0.0205078 0.0327148
2.74117 14.5885 1.54424 4.79324 0.454176 1.65252 1.28666 7.22587 -0.495376 8.21619 2.38166 0.399792 4.53627 0.889004 0.219916 1.1962  2048 2048 381 0 0 78.7857 2.90663 59.9855 9.09688 0.0322266 0.174316
2.74117 14.5885 1.54424 4.79324 0.454176 0.497757 1.26786 8.62941 -0.495376 8.21619 2.38166 0.399792 4.53627 0.889004 0.113041 1.15244  2048 2048 377 0 0 78.869 2.89952 59.9855 9.15455 0.0214844 0.0322266
2.74117 14.5885 1.54424 4.79324 0.454176 0.497757 1.28666 7.22587 -0.495376 8.21619 2.38166 0.399792 4.53627 0.889004 0.113041 0.430616  2048 2048 377 0 0 79.0857 2.95368 59.9855 9.2152 0.0195313 0.0356445
2.74117 14.5885 1.54424 4.79324 0.454176 0.497757 1.76122 8.62941 -0.414899 8.21619 2.38166 0.399792 4.53627 1.66277 0.113041 0.430616  2048 2048 378 0 0 78.9357 2.97159 59.9855 9.13154 0.0390625 0.0268555
2.74117 14.5885 1.54424 4.79324 0.300241 0.497757 1.26786 7.22587 0.847377 8.21619 2.38166 0.399792 4.53627 0.889004 0.113041 1.15244  2048 2048 2094 13 0 147.025 7.15212 59.9898 27.2968 29.0811 1.93359
2.74117 14.5885 1.54424 4.79324 0.454176 0.497757 1.26786 7.22587 0.993683 8.21619 2.38166 0.399792 4.53627 0.889004 0.219916 1.15244  2048 2048 2275 7 0 156.423 7.83363 59.9913 30.059 56.2329 2.50098
2.74117 14.5885 1.54424 4.79324 0.454176 0.497757 1.26786 7.22587 -0.0300912 8.21619 2.38166 0.399792 4.53627 0.889004 0.113041 1.1962  2048 2048 379 0 0 79.8192 3.13164 59.9855 10.2534 0.0698242 0.09375
2.74117 14.5885 1.54424 4.79324 1.22263 0.497757 1.28666 7.22587 -0.495376 0.37904 2.38166 0.399792 4.53627 1.99744 0.219916 1.15244  2048 2048 372 0 0 78.2689 2.91101 59.9855 9.0965 0.522949 2.40625
6.51234 14.5885 1.54424 4.79324 0.454176 0.497757 1.26786 9.27091 -0.414899 8.21619 2.38166 0.399792 4.53627 0.889004 0.113041 1.1962  2048 2048 930 1196 0 119.828 3.86628 59.9861 11.1513 12.0532 3.69189
2.74117 14.5885 1.54424 4.79324 0.671407 0.497757 1.26786 7.22587 -0.495376 8.21619 2.38166 0.399792 4.53627 1.66277 0.113041 0.430616  2048 2048 377 0 0 79.0691 2.84242 59.9855 9.1531 0.0449219 0.0268555
7.2866 14.5885 1.54424 4.79324 0.454176 0.497757 1.26786 9.27091 -0.495376 8.21619 2.38166 0.399792 4.44655 0.889004 0.113041 1.1962  2048 2048 974 1293 0 119.544 3.71625 59.9861 10.3319 12.0166 3.82324
2.74117 14.5885 1.54424 4.79324 0.454176 0.497757 1.26786 9.27091 -0.414899 8.21619 2.38166 0.399792 10.4386 0.889004 0.113041 1.95685  2048 2048 370 0 0 78.2356 2.86227 59.9855 9.0282 0.321777 0.0283203
5.97125 14.5885 1.54424 4.79324 0.454176 0.497757 1.28666 7.22587 -0.495376 3.85754 2.38166 0.399792 18.0401 0.889004 0.219916 1.15244  2048 2048 933 1040 0 113.993 3.8435 59.986 11.8821 13.0186 3.97168
2.74117 14.5885 1.54424 4.79324 0.454176 0.497757 1.26786 9.27091 -0.414899 8.21619 2.38166 0.399792 4.53627 1.66277 0.113041 0.661641  2048 2048 377 0 0 78.869 2.7897 59.9855 9.14849 0.0283203 0.0200195
2.74117 14.5885 1.54424 4.79324 0.454176 0.497757 1.28666 7.22587 -0.495376 8.21619 2.38166 0.399792 4.44655 0.889004 0.113041 1.1962  2048 2048 377 0 0 79.0691 2.85686 59.9855 9.18323 0.03125 0.0283203
2.74117 14.5885 1.54424 4.79324 0.454176 0.497757 1.28666 9.27091 -0.414899 8.21619 2.38166 0.399792 4.53627 1.66277 0.113041 0.430616  2048 2048 377 0 0 78.869 2.93451 59.9855 9.15815 0.0292969 0.0234375
2.74117 14.5885 1.54424 4.79324 0.969268 0.497757 1.26786 7.22587 -0.495376 8.21619 2.38166 0.399792 4.53627 0.889004 0.113041 0.430616  2048 2048 379 0 0 79.0024 2.88672 59.9855 9.15458 0.0517578 0.0556641
2.74117 14.5885 1.54424 4.79324 0.454176 0.497757 1.26786 9.27091 -0.414899 8.21619 2.38166 0.399792 4.53627 0.889004 0.113041 1.1962  2048 2048 377 0 0 78.9024 2.89438 59.9855 9.15664 0.0214844 0.0332031
6.54012 14.5885 1.54424 4.79324 0.454176 0.497757 1.28666 7.22587 -0.495376 8.21619 2.38166 0.399792 4.53627 0.889004 0.113041 1.1962  2048 2048 953 1196 0 119.894 3.89759 59.9861 11.145 11.8774 3.73389
2.74117 14.5885 1.54424 4.79324 0.454176 0.497757 1.26786 9.27091 -0.414899 8.21619 2.38166 0.399792 4.53627 0.889004 0.113041 0.430616  2048 2048 377 0 0 79.1191 2.85228 59.9855 9.19222 0.0185547 0.0375977
2.74117 14.5885 1.54424 4.79324 0.454176 0.497757 1.26786 7.22587 -0.495376 8.21619 2.38166 0.399792 4.53627 1.62426 0.219916 1.1962  2048 2048 374 0 0 79.2524 2.83755 59.9855 9.15361 0.0546875 0.0141602
2.74117 14.5885 1.54424 4.79324 0.454176 0.497757 1.28666 7.22587 -0.495376 8.21619 2.38166 0.399792 4.44655 1.66277 0.113041 0.430616  2048 2048 377 0 0 78.9524 2.92607 59.9855 9.18583 0.0224609 0.0200195
2.74117 14.5885 1.54424 4.79324 0.454176 1.91156 1.26786 7.22587 -0.495376 8.21619 2.38166 0.399792 4.53627 0.889004 0.113041 1.15244  2048 2048 381 0 0 78.869 2.88664 59.9855 9.11182 0.0371094 0.218262
2.74117 14.5885 1.54424 4.79324 0.454176 0.497757 1.53911 7.22587 -0.495376 8.21619 2.38166 0.399792 4.53627 0.889004 0.113041 1.15244  2048 2048 377 0 0 79.0691 2.79624 59.9855 9.16267 0.0302734 0.0341797
2.74117 14.5885 1.54424 4.79324 0.454176 0.497757 1.28666 7.22587 0.367351 8.21619 2.38166 0.399792 4.44655 1.66277 0.113041 0.430616  2048 2048 711 0 0 104.941 5.33932 59.9859 21.7908 98.2026 2.88135
2.74117 14.5885 1.54424 4.79324 0.454176 0.497757 1.28666 7.22587 -0.495376 8.21619 2.38166 0.399792 4.53627 0.889004 0.113041 1.77453  2048 2048 377 0 0 78.919 3.85734 59.9855 9.16362 0.0185547 0.0273438
2.74117 14.5885 1.54424 4.79324 0.454176 0.497757 1.26786 9.27091 -0.414899 8.21619 2.38166 0.399792 4.53627 1.66277 1.19492 0.430616  2048 2048 374 0 0 78.869 3.41539 59.9855 9.16825 0.134277 0.0112305
2.74117 14.5885 1.54424 4.79324 0.454176 0.497757 1.26786 7.22587 -0.414899 8.21619 2.38166 0.399792 4.53627 0.889004 0.113041 1.15244  2048 2048 377 0 0 79.0857 3.01454 59.9855 9.20751 0.0253906 0.0292969
2.74117 11.8638 1.54424 4.79324 0.454176 0.497757 1.28666 7.22587 -0.495376 8.21619 2.38166 0.399792 4.53627 0.889004 0.113041 1.15244  2048 2048 371 0 0 78.569 2.78639 59.9855 9.10261 0.120117 0.00830078
2.74117 14.5885 1.54424 4.79324 0.454176 0.497757 1.26786 7.22587 -0.495376 8.21619 2.38166 0.399792 4.53627 1.66277 0.113041 1.1962  2048 2048 374 0 0 79.2858 2.80086 59.9855 9.15518 0.0351563 0.0146484
2.74117 14.5885 4.79324 19.0478 0.454176 0.497757 1.26786 9.27091 -0.414899 6.29597 2.38166 0.399792 4.53627 0.889004 0.219916 1.1962  2048 2048 364 0 0 77.9688 3.01532 59.9855 9.7368 4.73242 3.63818
2.74117 14.5885 1.54424 4.79324 0.454176 0.497757 1.26786 7.22587 -0.495376 8.21619 2.38166 0.399792 4.44655 1.66277 0.113041 0.430616  2048 2048 377 0 0 78.9524 2.88632 59.9855 9.1865 0.0253906 0.0205078
2.74117 14.5885 1.54424 4.79324 0.454176 1.83892 1.28666 7.22587 -0.495376 8.21619 2.38166 0.399792 4.53627 0.889004 0.219916 1.15244  2048 2048 381 0 0 78.7857 2.87318 59.9855 9.1018 0.0332031 0.202637
2.74117 14.5885 1.54424 4.79324 0.454176 0.497757 1.26786 7.22587 -0.495376 9.48332 2.38166 0.399792 4.53627 0.889004 0.219916 1.15244  2048 2047 378 0 0 409.611 6.77276 59.9855 9.41295 0.0366211 0.00585938
2.74117 14.5885 1.54424 4.79324 0.454176 1.43321 1.28666 8.62941 -0.495376 8.21619 2.38166 0.399792 4.53627 0.889004 0.113041 0.430616  2048 2048 382 0 0 79.0024 2.82049 59.9855 9.09783 0.0332031 0.168457
2.74117 14.5885 1.54424 4.79324 0.454176 0.497757 1.28666 7.22587 -0.495376 8.21619 2.38166 0.399792 9.55718 1.66277 0.113041 1.1962  2048 2048 371 0 0 78.1856 2.86245 59.9855 9.05262 0.477051 0.0078125
2.74117 14.5885 1.54424 4.79324 0.454176 0.497757 1.26786 9.27091 -0.414899 8.15424 2.38166 0.399792 19.9854 1.66277 0.113041 0.430616  2048 2048 361 0 0 77.6688 2.8525 59.9855 8.96628 0.30957 0.16748
2.74117 14.5885 1.54424 4.79324 0.454176 0.497757 1.26786 9.27091 -0.414899 8.21619 2.38166 0.399792 4.44655 0.889004 0.219916 1.1962  2048 2048 377 0 0 78.9024 2.90085 59.9855 9.15449 0.0322266 0.0292969
2.74117 14.5885 1.54424 4.79324 0.454176 0.497757 1.26786 7.22587 -0.495376 8.21619 2.38166 0.399792 4.53627 0.889004 0.219916 0.430616  2048 2048 377 0 0 79.0691 2.89902 59.9855 9.21022 0.0234375 0.0307617
2.74117 14.5885 1.54424 4.79324 0.454176 0.497757 1.26786 8.62941 -0.495376 8.21619 2.38166 4.44655 16.6778 1.66277 0.113041 0.430616  2048 2048 370 0 0 78.1189 2.9594 59.9855 9.13454 0.250977 0.394531
2.74117 14.5885 1.54424 4.79324 0.454176 0.497757 1.28666 3.73089 -0.495376 8.21619 2.38166 0.399792 4.53627 0.889004 0.113041 1.1962  2048 2048 378 0 0 79.2858 2.94427 59.9855 9.63013 0.0263672 0.0522461
2.74117 14.5885 1.54424 4.79324 0.454176 0.497757 1.28666 7.22587 -0.495376 8.21619 2.38166 0.399792 4.53627 0.889004 0.113041 1.26267  2048 2048 377 0 0 78.9524 2.84251 59.9855 9.17842 0.0185547 0.0263672
2.74117 14.5885 1.54424 4.79324 0.454176 0.497757 1.26786 7.22587 0.586444 8.21619 2.38166 0.399792 4.53627 0.889004 0.113041 1.15244  2048 2048 1306 0 0 124.312 6.15735 59.9861 25.4465 88.9434 2.97998
2.74117 14.5885 1.54424 4.79324 0.454176 0.497757 1.28666 7.22587 -0.495376 8.21619 2.38166 0.399792 4.53627 1.66277 0.113041 1.1962  2048 2048 374 0 0 79.2691 2.82772 59.9855 9.15372 0.03125 0.015625
2.74117 14.5885 1.54424 4.79324 0.454176 0.195318 1.28666 7.22587 -0.495376 8.21619 2.38166 0.399792 4.53627 0.889004 0.113041 1.15244  2048 2048 377 0 0 79.1691 2.94572 59.9855 9.2641 0.0332031 0.0131836
2.74117 14.5885 1.54424 4.79324 0.454176 0.497757 1.28666 7.22587 -0.495376 8.21619 2.38166 0.399792 4.53627 0.889004 0.113041 0.767357  2048 2048 377 0 0 79.0691 2.88647 59.9855 9.19638 0.0244141 0.0307617
2.74117 14.5885 1.54424 4.79324 0.454176 0.497757 1.26786 7.22587 -0.495376 3.39824 2.38166 0.399792 5.88458 0.889004 0.219916 1.1962  2048 2048 372 0 0 78.4523 2.77851 59.9855 9.13252 0.145508 2.23535
2.74117 14.5885 1.54424 4.79324 0.454176 1.73748 1.26786 9.27091 -0.414899 8.21619 2.38166 0.399792 4.53627 1.66277 0.113041 0.430616  2048 2048 379 0 0 78.519 2.84946 59.9855 9.06242 0.0361328 0.154785
2.74117 14.5885 1.54424 4.79324 0.454176 0.497757 1.28666 7.22587 -0.495376 8.21619 2.38166 0.399792 4.53627 1.66277 0.113041 1.15244  2048 2048 374 0 0 79.2691 2.81143 59.9855 9.15474 0.0361328 0.015625
2.74117 14.5885 4.79324 17.0074 0.454176 0.497757 1.26786 8.62941 -0.495376 8.21619 2.38166 0.399792 4.53627 0.889004 0.219916 0.430616  2048 2048 363 0 0 77.8855 3.05242 59.9855 9.5515 3.26807 3.47119
