100 2
3.27219 10.7987 34.0388 43.5377 0.17243 0.37141 0.477615 1.09256 0.0406201 8.75973 3.39732 0.421155 4.44655 1.64483 0.568377 0.58211  2048 2048 316 0 0 92.8554 1.16242 59.9858 10.6381 0.0302734 0.0629883
3.27219 10.7987 35.7585 43.5377 0.17243 0.37141 0.477615 1.09256 0.0406201 8.75973 3.39732 0.421155 4.44655 1.64483 0.462355 0.58211  2048 2048 317 0 0 93.4388 1.16988 59.9858 10.7637 0.0341797 0.0498047
3.27219 10.7987 35.7585 43.5377 0.17243 0.37141 0.652852 1.09256 0.0406201 8.75973 3.39732 0.421155 4.44655 1.90429 0.568377 0.58211  2048 2048 316 0 0 92.6553 1.17783 59.9858 10.5964 0.0390625 0.0493164
3.27219 10.7987 34.0388 38.461 0.539018 0.37141 0.652852 1.09256 0.0406201 8.75973 3.39732 0.421155 4.44655 1.64483 0.568377 0.58211  2048 2048 315 0 0 93.1387 1.1534 59.9858 10.6214 0.0283203 0.0756836
3.27219 10.7987 35.7585 43.5377 0.17243 0.37141 0.652852 1.09256 0.334849 8.75973 3.39732 0.421155 4.44655 1.90429 0.462355 1.2443  2048 2048 316 0 0 92.7887 1.16076 59.9858 10.5512 0.0458984 0.0385742
3.27219 10.7987 35.7585 43.5377 0.17243 0.37141 0.652852 1.09256 0.0406201 8.75973 3.39732 0.421155 4.44655 1.64483 0.462355 0.58211  2048 2048 316 0 0 92.9054 1.1547 59.9858 10.605 0.0380859 0.0566406
3.27219 10.7987 35.7585 43.5377 0.17243 0.37141 0.652852 1.09256 0.0406201 8.75973 3.39732 0.421155 4.44655 1.64483 0.462355 1.2443  2048 2048 316 0 0 92.672 1.16267 59.9858 10.5642 0.0458984 0.0410156
3.27219 10.7987 34.0388 38.461 0.539018 0.37141 0.652852 1.09256 0.425947 8.75973 3.39732 0.730003 4.44655 1.90429 0.568377 0.58211  2048 2048 316 0 0 93.1387 1.16524 59.9858 10.6079 0.0371094 0.0629883
3.27219 10.7987 34.0388 43.5377 0.17243 0.37141 0.652852 1.09256 0.0406201 9.85046 3.39732 0.421155 4.44655 1.90429 0.462355 1.2443  2048 2048 317 0 0 93.1054 1.15578 59.9858 10.6559 0.0517578 0.0244141
3.27219 10.7987 34.0388 38.461 0.539018 0.37141 0.652852 1.09256 0.425947 8.75973 3.39732 0.421155 4.44655 1.64483 0.462355 0.58211  2048 2048 316 0 0 93.0387 1.15873 59.9858 10.6197 0.0322266 0.0751953
3.27219 10.7987 34.0388 43.5377 0.132756 0.37141 0.652852 1.09256 0.0406201 8.75973 3.39732 0.421155 4.44655 1.90429 0.568377 0.58211  2048 2048 315 0 0 92.4886 1.16986 59.9858 10.5327 0.0458984 0.0810547
3.27219 10.7987 34.0388 43.5377 0.17243 0.37141 0.0225227 1.09256 0.0406201 8.75973 3.39732 0.421155 4.44655 1.64483 0.568377 0.58211  2048 2045 318 0 0 409.611 3.24137 59.9859 12.4606 0.339844 0.179688
3.27219 10.7987 35.7585 43.5377 0.17243 0.76986 0.477615 1.09256 0.0406201 1.6483 3.39732 0.421155 4.44655 1.90429 0.462355 0.58211  2048 2048 307 0 0 91.105 1.13108 59.9857 10.383 0.690918 3.1958
3.27219 10.7987 34.0388 38.461 0.539018 0.37141 0.477615 1.09256 0.0406201 8.75973 3.39732 0.421155 4.44655 1.64483 0.462355 0.58211  2048 2048 316 0 0 93.7722 1.17188 59.9858 10.7792 0.0449219 0.0595703
3.27219 10.7987 35.7585 43.5377 0.17243 0.37141 0.652852 1.09256 0.0406201 8.11304 3.39732 0.421155 4.44655 1.90429 0.462355 1.2443  2048 2048 315 0 0 92.3719 1.15255 59.9858 10.4707 0.0556641 0.105469
9.11252 10.7987 35.7585 38.461 0.17243 0.37141 0.652852 1.09256 0.0406201 8.75973 3.39732 0.421155 9.14884 1.64483 0.462355 0.58211  2048 2048 831 1411 0 133.945 1.28344 59.9874 9.90463 11.9536 3.51709
3.27219 10.7987 34.0388 43.5377 0.17243 0.37141 0.477615 1.09256 0.0406201 9.85046 3.39732 0.421155 4.44655 1.90429 0.462355 0.58211  2048 2048 319 0 0 94.389 1.19571 59.9858 10.9477 0.0732422 0.0336914
3.27219 10.7987 34.0388 38.461 0.539018 0.37141 0.652852 1.09256 0.425947 8.75973 2.91452 0.421155 4.44655 1.64483 0.462355 0.58211  2048 2048 316 0 0 92.5386 1.16244 59.9858 10.5287 0.046875 0.237793
3.27219 10.7987 34.0388 38.461 0.539018 0.37141 0.652852 1.09256 0.0406201 8.75973 3.39732 0.421155 4.44655 1.64483 0.462355 1.2443  2048 2048 316 0 0 92.8554 1.16643 59.9858 10.5733 0.0634766 0.0629883
3.27219 10.7987 35.7585 38.461 0.539018 0.37141 0.652852 1.09256 0.0406201 8.75973 3.39732 0.421155 4.44655 1.90429 0.568377 0.58211  2048 2048 317 0 0 94.389 1.1935 59.9858 10.9373 0.0888672 0.0371094
3.27219 10.7987 33.6055 43.5377 0.17243 0.37141 0.652852 1.09256 0.0406201 8.75973 3.39732 0.421155 4.44655 1.64483 0.462355 0.281014  2048 2048 316 0 0 92.5386 1.14606 59.9858 10.5065 0.0498047 0.155273
3.27219 10.7987 35.7585 43.5377 0.17243 0.37141 0.652852 1.09256 0.334849 8.75973 3.39732 0.421155 4.44655 1.90429 0.462355 0.404553  2048 2048 316 0 0 92.9387 1.16393 59.9858 10.6106 0.0410156 0.0527344
3.27219 10.7987 35.7585 43.5377 0.17243 0.37141 0.652852 1.09256 0.0406201 8.75973 3.39732 0.421155 4.44655 1.64483 0.568377 0.58211  2048 2048 316 0 0 92.672 1.21506 59.9858 10.6018 0.0566406 0.0532227
3.27219 10.7987 35.7585 43.5377 0.17243 0.37141 0.652852 1.09256 0.0406201 8.75973 3.39732 0.421155 4.44655 1.90429 0.462355 0.58211  2048 2048 316 0 0 92.6386 1.15997 59.9858 10.5948 0.0439453 0.0522461
3.27219 10.7987 35.7585 43.5377 0.17243 0.37141 0.477615 1.09256 0.0406201 8.75973 3.39732 0.421155 4.44655 1.64483 0.568377 0.58211  2048 2048 317 0 0 93.6389 1.17069 59.9858 10.7602 0.0512695 0.0458984
3.27219 10.7987 34.0388 43.5377 0.17243 0.37141 0.652852 1.09256 0.0406201 8.75973 3.39732 0.421155 4.44655 1.64483 0.462355 0.58211  2048 2048 315 0 0 92.4386 1.15577 59.9858 10.508 0.0302734 0.117676
3.27219 10.7987 35.7585 38.461 0.17243 0.37141 0.652852 1.09256 0.0406201 8.75973 3.39732 0.421155 4.44655 1.90429 0.568377 0.58211  2048 2048 316 0 0 97.1896 1.23482 59.9858 11.3048 0.22168 0.0703125
3.27219 10.7987 1.92572 34.0388 0.17243 0.37141 0.477615 1.09256 0.0406201 8.75973 3.39732 0.421155 4.44655 1.90429 1.83099 0.58211  2048 2048 315 0 0 91.5217 1.13763 59.9857 10.2596 0.799316 2.81982
3.27219 10.7987 35.7585 43.5377 0.17243 0.37141 0.652852 1.09256 0.334849 8.75973 3.39732 0.421155 4.44655 1.90429 0.568377 0.58211  2048 2048 316 0 0 92.8554 1.16945 59.9858 10.5972 0.0576172 0.0478516
3.27219 10.7987 35.7585 43.5377 0.17243 0.37141 0.652852 1.09256 0.334849 8.75973 3.39732 0.421155 4.44655 1.90429 1.11301 1.2443  2048 2048 316 0 0 92.7053 1.16434 59.9858 10.5477 0.145996 0.0273438
3.27219 10.7987 35.7585 43.5377 0.17243 0.37141 0.477615 1.09256 0.0406201 8.75973 3.39732 0.421155 4.44655 1.64483 0.462355 1.2443  2048 2048 317 0 0 93.4388 1.2178 59.9858 10.7046 0.0478516 0.0341797
3.27219 10.7987 34.0388 43.5377 0.17243 0.37141 0.652852 1.09256 0.0406201 9.85046 3.39732 0.421155 4.44655 1.64483 0.462355 0.58211  2048 2048 318 0 0 93.3721 1.17267 59.9858 10.7365 0.0576172 0.0380859
3.27219 10.7987 35.7585 43.5377 0.17243 0.37141 0.652852 1.09256 0.425947 8.75973 3.39732 0.421155 4.44655 1.90429 0.568377 0.58211  2048 2048 316 0 0 92.6553 1.15752 59.9858 10.5948 0.0419922 0.0478516
3.27219 10.7987 34.0388 43.5377 0.17243 0.37141 0.652852 1.09256 0.0406201 8.75973 3.39732 0.421155 4.44655 1.64483 0.462355 1.2443  2048 2048 315 0 0 92.3719 1.15865 59.9858 10.4772 0.0576172 0.0981445
3.27219 10.7987 35.7585 43.5377 0.17243 0.37141 0.652852 2.93832 0.0406201 8.75973 3.39732 0.421155 4.44655 1.90429 0.568377 0.58211  2048 2048 316 0 0 92.7887 1.18399 59.9858 10.6796 0.0605469 0.0566406
3.27219 10.7987 35.7585 43.5377 0.539018 0.37141 0.652852 1.09256 0.0406201 8.75973 3.39732 0.421155 4.44655 1.64483 0.568377 0.58211  2048 2048 317 0 0 92.4886 1.14652 59.9858 10.4222 0.0371094 0.365723
3.27219 10.7987 35.7585 43.5377 0.17243 0.37141 0.652852 1.09256 0.0406201 8.54152 3.39732 0.421155 4.44655 1.64483 0.462355 0.58211  2048 2048 315 0 0 92.5386 1.15596 59.9858 10.5693 0.0478516 0.0776367
3.27219 10.7987 35.7585 43.5377 0.17243 0.37141 0.652852 1.09256 0.334849 8.75973 3.39732 0.421155 4.44655 1.90429 0.462355 0.58211  2048 2048 316 0 0 92.6887 1.16206 59.9858 10.5954 0.0439453 0.0527344
3.27219 10.7987 13.2145 35.7585 0.17243 0.37141 0.477615 1.09256 0.0406201 8.75973 3.39732 0.728782 4.44655 1.90429 0.462355 0.58211  2048 2048 315 0 0 91.8218 1.14919 59.9858 10.2561 0.407227 2.49219
3.27219 10.7987 34.0388 43.5377 0.539018 0.37141 0.652852 1.09256 0.425947 8.75973 3.39732 0.730003 4.44655 1.90429 0.462355 1.2443  2048 2048 317 0 0 92.0052 1.13568 59.9858 10.3218 0.121094 0.744141
3.27219 10.7987 35.7585 43.5377 0.17243 0.37141 0.652852 1.09256 0.0406201 8.75973 3.39732 4.44655 9.55412 1.64483 0.568377 0.58211  2048 2048 316 0 0 92.2886 1.15541 59.9858 10.5034 0.211914 0.227539
3.27219 10.7987 35.7585 43.5377 0.17243 0.37141 0.652852 1.09256 0.334849 8.75973 3.39732 0.421155 3.09091 1.90429 0.462355 1.2443  2048 2048 319 0 0 92.8554 1.16286 59.9858 10.6235 0.0390625 0.0649414
3.27219 10.7987 34.0388 38.461 0.539018 0.37141 0.652852 1.09256 0.0406201 8.75973 3.39732 0.421155 4.44655 1.64483 0.462355 0.58211  2048 2048 316 0 0 93.0554 1.17192 59.9858 10.6218 0.0380859 0.074707
3.27219 10.7987 34.0388 38.461 0.539018 0.37141 0.652852 1.09256 0.0406201 9.85046 3.39732 0.421155 4.44655 1.90429 0.462355 0.58211  2048 2048 318 0 0 94.4224 1.19192 59.9858 10.9246 0.0664063 0.0400391
3.27219 10.7987 35.7585 43.5377 0.539018 0.37141 0.652852 1.09256 0.334849 8.75973 3.39732 0.421155 4.44655 1.64483 0.462355 0.58211  2048 2048 317 0 0 92.2552 1.14866 59.9858 10.4252 0.0537109 0.371582
3.27219 10.7987 35.7585 43.5377 0.17243 0.37141 0.652852 1.09256 0.425947 8.75973 3.39732 0.421155 4.44655 1.64483 0.462355 0.58211  2048 2048 316 0 0 92.8887 1.16378 59.9858 10.6038 0.0537109 0.0605469
3.27219 10.7987 35.7585 38.461 0.539018 0.37141 0.652852 1.09256 0.0406201 8.75973 3.39732 0.421155 4.44655 1.64483 0.462355 0.58211  2048 2048 317 0 0 94.4724 1.20968 59.9858 10.9464 0.0761719 0.0424805
3.27219 10.7987 34.0388 43.5377 0.17243 0.37141 0.477615 1.09256 0.0406201 8.75973 3.39732 0.421155 4.44655 1.64483 0.462355 0.58211  2048 2048 316 0 0 92.8887 1.16007 59.9858 10.6412 0.0341797 0.0673828
3.27219 10.7987 35.7585 43.5377 0.17243 0.37141 0.652852 1.09256 0.334849 8.75973 3.39732 0.421155 4.44655 1.64483 0.568377 0.58211  2048 2048 316 0 0 92.672 1.15983 59.9858 10.6021 0.0400391 0.0541992
3.27219 10.7987 34.0388 38.461 0.539018 0.37141 0.652852 1.09256 0.425947 8.75973 13.3219 0.421155 4.44655 1.64483 0.462355 0.58211  2048 2000 356 0 0 409.611 4.4848 59.9862 22.7404 219.875 0.240234
3.27219 10.7987 34.0388 43.5377 0.17243 0.37141 0.652852 1.09256 0.0406201 8.75973 3.39732 0.421155 4.44655 1.90429 0.462355 1.2443  2048 2048 315 0 0 92.2886 1.15831 59.9858 10.4679 0.0683594 0.0898438
3.27219 10.7987 35.7585 38.461 0.539018 0.37141 0.652852 1.09256 0.425947 8.75973 3.39732 0.421155 4.44655 1.64483 0.462355 0.58211  2048 2048 317 0 0 94.339 1.18417 59.9858 10.9457 0.0927734 0.0473633
3.27219 10.7987 34.0388 38.461 0.539018 0.37141 0.652852 1.09256 0.425947 8.75973 3.39732 0.730003 4.44655 1.64483 0.462355 0.58211  2048 2048 316 0 0 93.1054 1.17115 59.9858 10.6184 0.0336914 0.078125
3.27219 10.7987 35.7585 43.5377 0.17243 0.37141 0.652852 1.09256 0.0406201 8.75973 3.39732 0.421155 4.44655 1.90429 0.462355 1.2443  2048 2048 316 0 0 92.7887 1.16871 59.9858 10.553 0.0498047 0.0371094
3.27219 10.7987 35.7585 43.5377 0.17243 0.37141 0.652852 1.09256 0.334849 8.75973 3.39732 0.421155 4.44655 1.64483 0.462355 1.2443  2048 2048 316 0 0 92.8554 1.16288 59.9858 10.5662 0.0644531 0.0429688
3.27219 10.7987 34.0388 43.5377 0.17243 0.37141 0.652852 1.09256 0.0406201 8.75973 3.39732 0.421155 4.44655 1.90429 0.568377 0.58211  2048 2048 315 0 0 92.4386 1.15021 59.9858 10.5038 0.0458984 0.106445
3.27219 10.7987 35.7585 43.5377 0.17243 0.37141 0.652852 1.09256 0.425947 8.75973 3.39732 0.421155 4.44655 1.64483 0.462355 1.2443  2048 2048 316 0 0 92.8554 1.15661 59.9858 10.5658 0.0585938 0.0424805
3.27219 10.7987 34.0388 43.5377 0.17243 0.37141 0.652852 1.09256 0.0406201 9.85046 3.39732 0.421155 4.44655 1.64483 0.568377 0.58211  2048 2048 318 0 0 93.3721 1.17467 59.9858 10.7321 0.0507813 0.0366211
3.27219 10.7987 34.0388 38.461 0.539018 0.37141 0.477615 1.09256 0.0406201 8.75973 3.39732 0.730003 4.44655 1.90429 0.568377 0.58211  2048 2048 316 0 0 93.6389 1.18119 59.9858 10.7557 0.0800781 0.050293
3.27219 10.7987 35.7585 38.461 0.539018 0.37141 0.652852 1.09256 0.425947 8.75973 3.39732 0.730003 4.44655 1.64483 0.568377 0.58211  2048 2048 317 0 0 94.4557 1.18398 59.9858 10.9421 0.101563 0.0424805
3.27219 10.7987 34.0388 43.5377 0.539018 0.37141 0.652852 1.09256 0.425947 8.75973 3.39732 0.421155 4.44655 1.90429 0.462355 1.2443  2048 2048 316 0 0 91.9052 1.14563 59.9858 10.3287 0.128418 0.771484
3.27219 10.7987 35.7585 43.5377 0.17243 0.821558 0.652852 1.09256 0.425947 8.75973 3.39732 0.421155 4.44655 1.90429 0.568377 0.58211  2048 2048 317 0 0 92.1719 1.1421 59.9858 10.416 0.0751953 0.437988
3.27219 10.7987 35.7585 43.5377 0.17243 0.37141 0.652852 1.09256 0.334849 8.75973 3.39732 0.421155 4.44655 1.72124 0.462355 1.2443  2048 2048 316 0 0 92.8554 1.17451 59.9858 10.5603 0.0556641 0.0405273
3.27219 10.7987 35.7585 43.5377 0.17243 0.37141 0.652852 1.09256 0.334849 8.75973 3.39732 0.421155 4.44655 1.90429 0.568377 1.2443  2048 2048 316 0 0 92.7887 1.15326 59.9858 10.5482 0.0566406 0.0307617
3.27219 10.7987 34.0388 38.461 0.539018 0.37141 0.652852 1.09256 0.425947 8.75973 3.39732 0.730003 4.44655 1.64483 0.568377 0.58211  2048 2048 317 0 0 93.2554 1.15799 59.9858 10.6194 0.0400391 0.0698242
3.27219 10.7987 43.5377 44.6257 0.17243 0.37141 0.652852 1.09256 0.334849 8.75973 3.39732 0.421155 4.44655 1.90429 0.462355 1.2443  2048 2046 328 0 0 409.611 3.22307 59.9859 12.855 5.28223 0.637207
3.27219 10.7987 35.7585 43.5377 0.17243 0.37141 0.652852 1.09256 0.0406201 9.85046 3.39732 0.421155 4.44655 1.64483 0.462355 1.2443  2048 2048 318 0 0 93.7389 1.18448 59.9858 10.8276 0.0722656 0.0209961
3.27219 10.7987 34.0388 43.5377 0.17243 0.37141 0.652852 1.09256 0.0406201 9.85046 3.39732 4.44655 7.69799 1.90429 0.462355 0.58211  2048 2048 318 0 0 92.6553 1.17864 59.9858 10.6817 0.19043 0.119141
3.27219 10.7987 35.7585 43.5377 0.17243 0.37141 0.652852 1.09256 0.0406201 8.75973 3.39732 4.44655 11.8027 1.64483 0.462355 1.46764  2048 2048 314 0 0 91.7051 1.14034 59.9858 10.3955 0.305176 0.301758
3.27219 10.7987 43.5377 48.8144 0.17243 0.37141 0.652852 8.081 0.334849 8.75973 5.88641 0.421155 7.57897 1.90429 0.568377 0.58211  2048 2048 876 11 0 126.696 2.23421 59.9861 23.7769 54.8696 0.953613
3.27219 10.7987 34.0388 38.461 0.17243 0.37141 0.652852 1.09256 0.0406201 8.75973 3.39732 0.421155 4.44655 1.64483 0.568377 0.58211  2048 2048 316 0 0 94.1556 1.19173 59.9858 10.8879 0.0703125 0.0385742
3.27219 10.7987 35.7585 43.5377 0.539018 0.37141 0.652852 1.09256 0.425947 2.95022 3.39732 0.421155 4.44655 1.64483 0.462355 1.2443  2048 2048 306 0 0 91.005 1.14118 59.9857 10.3078 0.793457 3.27783
3.27219 10.7987 34.0388 43.5377 0.17243 0.37141 0.652852 1.09256 0.0406201 9.85046 3.39732 0.421155 4.44655 1.90429 0.599933 1.2443  2048 2048 317 0 0 93.0721 1.17404 59.9858 10.6511 0.0737305 0.0239258
3.27219 1.52837 34.0388 38.461 0.539018 0.37141 0.652852 1.09256 0.425947 8.75973 3.39732 0.421155 4.44655 1.64483 0.462355 0.58211  2048 2048 307 0 0 91.5884 1.13297 59.9858 10.3116 18.0493 0
3.27219 10.7987 34.0388 43.5377 0.17243 0.37141 0.477615 1.09256 0.425947 8.75973 3.39732 0.421155 4.44655 1.64483 0.462355 0.58211  2048 2048 316 0 0 93.0387 1.17693 59.9858 10.6421 0.0512695 0.0717773
3.27219 10.7987 35.7585 43.5377 0.17243 0.37141 0.652852 1.09256 0.0406201 8.75973 3.39732 0.421155 4.44655 1.64483 0.568377 1.2443  2048 2048 316 0 0 92.7887 1.15596 59.9858 10.564 0.0537109 0.0410156
3.27219 10.7987 35.7585 43.5377 0.144536 0.37141 0.652852 1.09256 0.0406201 8.75973 3.39732 0.421155 4.44655 1.64483 0.462355 1.2443  2048 2048 316 0 0 92.6386 1.16446 59.9858 10.5874 0.046875 0.0361328
3.27219 10.7987 35.7585 43.5377 0.17243 0.37141 0.652852 1.09256 0.0406201 8.75973 3.39732 0.421155 4.44655 1.90429 0.568377 1.2443  2048 2048 316 0 0 92.6386 1.15578 59.9858 10.5544 0.0908203 0.0361328
3.27219 10.7987 35.7585 43.5377 0.508072 0.37141 0.652852 1.09256 0.0406201 8.75973 3.39732 0.421155 4.44655 1.64483 0.462355 0.58211  2048 2048 317 0 0 92.672 1.16063 59.9858 10.4346 0.0410156 0.334473
3.27219 10.7987 34.0388 43.5377 0.17243 0.37141 0.477615 1.09256 0.0406201 9.85046 3.39732 0.421155 4.44655 1.90429 0.462355 1.2443  2048 2048 317 0 0 94.0389 1.17627 59.9858 10.853 0.0722656 0.0229492
3.27219 10.7987 34.0388 38.461 1.11435 0.37141 0.652852 1.09256 0.425947 8.75973 3.39732 0.730003 4.44655 1.90429 0.568377 0.58211  2048 2048 316 0 0 92.4053 1.13937 59.9858 10.4508 0.0722656 0.355469
3.27219 10.7987 35.7585 43.5377 0.17243 0.37141 0.477615 1.09256 0.334849 8.75973 3.39732 0.421155 4.44655 1.90429 0.462355 1.2443  2048 2048 316 0 0 93.3055 1.16124 59.9858 10.6863 0.0595703 0.0292969
3.27219 10.7987 35.7585 38.461 0.539018 0.37141 0.652852 1.09256 0.334849 8.75973 3.39732 0.421155 4.44655 1.64483 0.568377 1.2443  2048 2048 317 0 0 94.5057 1.19357 59.9858 10.8704 0.107422 0.0292969
3.27219 10.7987 34.0388 38.461 0.17243 0.37141 0.652852 1.09256 0.425947 8.75973 3.39732 0.421155 4.44655 1.64483 0.462355 1.2443  2048 2048 317 0 0 93.8222 1.18037 59.9858 10.8261 0.0878906 0.0263672
3.27219 10.7987 35.7585 43.5377 0.539018 0.37141 0.652852 1.09256 0.425947 8.75973 3.39732 0.730003 4.44655 1.90429 0.568377 0.58211  2048 2048 317 0 0 92.3719 1.13839 59.9858 10.4157 0.0693359 0.338867
3.27219 10.7987 35.7585 43.5377 0.17243 0.37141 0.477615 1.09256 0.0406201 1.89337 3.39732 0.421155 4.44655 1.64483 0.1142 0.58211  2048 2048 307 0 0 91.2383 1.13706 59.9857 10.4276 0.416504 3.15527
3.27219 10.7987 34.0388 38.461 0.17243 0.37141 0.477615 1.09256 0.0406201 8.75973 3.39732 0.421155 4.44655 1.64483 0.568377 0.58211  2048 2048 317 0 0 95.3726 1.21308 59.9858 11.0965 0.0771484 0.0493164
3.27219 18.955 35.7585 43.5377 0.17243 0.37141 0.477615 1.09256 0.0406201 8.75973 3.39732 0.421155 4.44655 1.64483 0.568377 0.58211  2048 2048 329 0 0 95.6893 1.27068 59.9858 11.8567 0.508789 0.664063
3.27219 10.7987 35.7585 43.5377 0.17243 0.37141 0.652852 1.09256 0.0406201 8.75973 16.953 0.421155 4.44655 1.90429 0.568377 0.58211  2048 1915 402 3 0 409.611 5.50336 59.9928 26.2407 339.958 0.350586
3.27219 10.7987 35.7585 43.5377 0.17243 0.37141 0.477615 1.09256 0.425947 8.75973 3.39732 0.421155 4.44655 1.64483 0.462355 0.58211  2048 2048 317 0 0 93.4888 1.17246 59.9858 10.7656 0.0678711 0.0512695
5.42619 6.23066 43.6293 44.2259 0.73751 0.0815455 0.190313 8.86288 0.653584 4.19507 18.9776 5.74114 15.4076 0.992584 0.565264 0.112491  2048 2048 1840 766 0 177.151 2.16251 59.9941 19.4658 2.04883 35.6294
7.62719 15.7103 5.91754 46.6643 0.993744 1.86969 0.546281 6.85904 0.511612 3.01126 5.13932 6.92831 10.8542 0.181524 0.953459 1.41063  2048 2048 2762 1709 0 373.886 4.53233 60.0049 38.1715 13.874 278.335
6.29444 4.4087 13.9241 17.3452 1.41325 1.11039 1.71734 0.0369274 0.0929289 6.79403 11.5146 10.5454 15.2977 1.7152 1.38694 0.335459  2048 2048 335 0 0 98.99 1.55548 59.9859 15.9657 34.6392 29.4873
9.11863 6.80868 4.35652 10.2084 1.83593 1.34648 1.88757 3.44737 0.538743 1.62084 19.7601 7.41234 19.7296 0.309946 0.528336 0.461745  2048 2048 1535 1247 0 151.524 1.50423 59.9906 11.5301 3.271 48.0054
9.04416 5.86627 0.346385 19.9164 1.21488 0.780847 1.2606 1.84698 0.0779748 0.933256 7.34947 1.0651 17.3449 1.96783 1.18497 0.930326  2048 2048 1059 786 0 144.442 1.99794 59.9894 18.785 96.4546 48.5107
5.52019 5.51591 13.1001 17.7068 1.8667 1.52678 0.309641 5.9508 0.152654 1.78625 10.0821 6.37898 19.9219 1.2255 0.558367 1.69854  2048 2048 3099 358 0 251.366 4.74511 60.0001 50.2779 249.901 129.121
5.74877 3.16721 9.61791 21.1722 1.72112 0.857326 0.0275277 8.67977 0.542528 1.09745 4.57289 2.60811 19.7839 0.405164 0.494888 0.790124  2048 1773 7207 50 0 409.611 9.33738 60.0057 86.0517 533.269 213.618
5.93616 2.20649 13.7974 30.6513 0.571062 0.455947 0.176519 1.4127 0.490341 1.89886 10.7602 6.33503 11.8455 0.864162 1.73534 1.54521  2048 2048 335 0 0 98.2565 1.57648 59.9858 15.9212 46.0728 21.8745
2.5428 4.49904 27.4834 45.6923 0.322886 1.66631 1.53832 0.234687 0.826655 9.58464 14.4005 2.44209 17.644 0.244697 0.164861 1.87042  2048 2048 333 0 0 96.1561 1.64693 59.9858 17.0268 167.778 18.1201
3.53313 2.88278 10.6784 22.3228 1.24631 0.741966 0.164312 2.18909 0.0949736 8.16248 9.57244 6.65853 17.7923 1.72454 1.06357 1.48857  2048 2034 315 0 0 409.611 3.25832 59.986 10.893 10.1191 2.41699
