200 2
2.78481 18.9074 0.278329 4.1084 1.64141 1.59148 0.695517 5.57726 -0.452895 3.53282 13.9775 0.848415 1.39286 1.07566 1.30015 1.91443  2048 2048 387 0 0 79.8692 1.18161 59.9855 9.4995 0.03125 0.0234375
2.78481 18.9074 0.278329 4.1084 1.64141 1.59148 0.695517 5.57726 -0.444105 3.53282 14.0934 0.848415 1.39286 1.60479 1.30015 1.91443  2048 2048 387 0 0 79.8692 1.16202 59.9855 9.50439 0.0322266 0.0209961
2.78481 18.9074 0.278329 4.1084 1.59819 1.59148 0.695517 5.57726 -0.444105 3.53282 14.0324 0.848415 1.39286 1.07566 0.88699 1.91443  2048 2048 387 0 0 79.8692 1.15148 59.9855 9.52097 0.0302734 0.0263672
2.78481 18.9074 0.278329 4.1084 1.59819 1.59148 0.695517 8.85403 -0.444105 3.53282 14.0324 0.848415 1.39286 0.753136 1.30015 1.91443  2048 2048 385 0 0 79.3191 1.15644 59.9855 9.3084 0.0341797 0.0283203
2.78481 18.9074 0.278329 4.1084 1.64141 1.59148 0.695517 5.50951 -0.444105 3.53282 14.0324 0.848415 1.39286 1.07566 1.98029 1.09745  2048 2048 387 0 0 79.8692 1.16472 59.9855 9.52089 0.03125 0.0253906
2.78481 18.9074 0.278329 4.1084 1.64141 1.59148 0.695517 5.57726 -0.444105 3.53282 14.0324 0.848415 1.39286 1.07566 1.30015 1.8305  2048 2048 387 0 0 79.8692 1.16334 59.9855 9.51002 0.0322266 0.0239258
2.78481 18.9074 0.278329 4.1084 1.64141 1.59148 0.695517 5.57726 -0.444105 3.53282 14.0324 0.848415 1.39286 1.60479 1.30015 1.8305  2048 2048 387 0 0 79.8692 1.14901 59.9855 9.50424 0.0332031 0.0219727
2.78481 18.9074 0.278329 4.1084 1.64141 1.59148 0.695517 5.57726 -0.444105 3.53282 14.0934 0.848415 1.39286 1.60479 1.39872 1.09745  2048 2048 387 0 0 79.8692 1.15261 59.9855 9.51583 0.0322266 0.0244141
2.78481 18.9074 0.278329 4.1084 1.59819 1.59148 0.695517 5.57726 -0.444105 3.53282 14.0324 0.848415 1.39286 0.679098 1.22495 1.91443  2048 2048 387 0 0 79.8692 1.17571 59.9855 9.5191 0.0322266 0.0244141
2.78481 18.9074 0.278329 4.1084 1.64141 1.59148 0.695517 5.57726 -0.444105 3.53282 14.0324 0.848415 1.39286 1.07566 1.39872 1.91443  2048 2048 387 0 0 79.8692 1.16906 59.9855 9.50684 0.0332031 0.0234375
2.78481 18.9074 0.278329 4.1084 1.64141 1.59148 0.695517 5.57726 -0.444105 3.53282 14.0324 0.848415 1.39286 1.07566 1.39872 1.8305  2048 2048 387 0 0 79.8692 1.15148 59.9855 9.50816 0.0332031 0.0234375
2.78481 18.9074 0.278329 4.1084 1.64141 1.59148 0.695517 5.57726 -0.444105 3.53282 14.0324 0.848415 1.39286 1.05313 1.39872 1.91443  2048 2048 387 0 0 79.8692 1.156 59.9855 9.50729 0.0332031 0.0239258
2.78481 18.9074 0.278329 4.1084 1.64141 1.59148 0.695517 5.57726 -0.444105 3.53282 14.0324 0.848415 1.39286 1.07566 1.98029 1.91443  2048 2048 387 0 0 79.8692 1.16792 59.9855 9.49866 0.0341797 0.0219727
2.78481 18.9074 0.278329 4.1084 1.64141 1.59148 0.695517 5.57726 -0.444105 3.53282 13.9775 0.848415 1.39286 1.07566 0.88699 1.91443  2048 2048 387 0 0 79.8692 1.23474 59.9855 9.51849 0.03125 0.0283203
2.78481 18.9074 0.278329 4.1084 1.64141 1.59148 0.695517 5.57726 -0.444105 3.53282 14.0324 0.848415 1.39286 1.07566 1.30015 1.91443  2048 2048 387 0 0 79.8692 1.16968 59.9855 9.50874 0.0332031 0.0239258
2.78481 18.9074 0.278329 4.1084 1.59819 1.59148 0.695517 5.57726 -0.444105 3.53282 14.0324 0.848415 1.39286 1.07566 1.98029 1.66576  2048 2048 387 0 0 79.8692 1.16775 59.9855 9.50286 0.0341797 0.0219727
2.78481 18.9074 0.278329 4.1084 1.64141 1.59148 0.695517 5.57726 -0.444105 3.53282 14.0324 0.848415 1.39286 1.07566 0.909391 0.684835  2048 2048 387 0 0 79.8692 1.14788 59.9855 9.54595 0.0292969 0.0322266
2.78481 18.9074 0.278329 4.1084 1.64141 1.59148 0.695517 5.57726 -0.444105 3.53282 14.0324 0.848415 1.39286 1.07566 1.22495 1.91443  2048 2048 387 0 0 79.8692 1.16698 59.9855 9.51032 0.0332031 0.0244141
2.78481 18.9074 0.278329 4.1084 1.64141 1.59148 0.695517 5.50951 -0.444105 3.53282 14.0324 0.848415 1.39286 1.07566 1.30015 1.91443  2048 2048 387 0 0 79.8692 1.15724 59.9855 9.51922 0.0332031 0.0244141
2.78481 18.9074 0.278329 4.1084 1.64141 1.59148 0.695517 5.57726 -0.444105 3.53282 14.0324 0.848415 1.39286 1.07566 0.909391 1.8305  2048 2048 387 0 0 79.8692 1.16476 59.9855 9.52075 0.0322266 0.0268555
2.78481 18.9074 0.278329 4.1084 1.59819 1.59148 0.695517 5.57726 -0.444105 3.53282 14.0324 1.39286 4.71267 1.07566 1.30015 0.21485  2048 2048 381 0 0 79.4192 1.13874 59.9855 9.43122 0.107422 0.0366211
2.78481 18.9074 0.278329 4.1084 1.59819 1.59148 0.695517 5.57726 -0.444105 3.53282 14.0324 0.848415 1.39286 0.679098 1.30015 1.91443  2048 2048 387 0 0 79.8692 1.14805 59.9855 9.51737 0.0341797 0.0244141
2.78481 18.9074 0.278329 4.1084 1.64141 1.59148 0.695517 5.57726 -0.444105 3.53282 14.0324 0.848415 1.39286 1.07566 0.909391 1.00479  2048 2048 387 0 0 79.8692 1.1572 59.9855 9.53846 0.0332031 0.0302734
2.78481 18.9074 0.278329 4.1084 1.64141 1.59148 0.695517 5.57726 -0.444105 3.53282 14.0324 0.848415 1.39286 1.07566 1.30015 1.09745  2048 2048 387 0 0 79.8692 1.16328 59.9855 9.52508 0.0341797 0.0273438
2.78481 18.9074 0.278329 4.1084 1.64141 1.59148 0.695517 5.57726 -0.444105 3.53282 14.0324 0.848415 1.39286 1.07566 1.39872 1.54326  2048 2048 387 0 0 79.8692 1.14309 59.9855 9.51246 0.03125 0.0249023
2.78481 18.9074 0.278329 4.1084 1.64141 1.59148 0.695517 5.57726 -0.444105 3.53282 13.9775 0.848415 1.39286 1.07566 1.30015 1.8305  2048 2048 387 0 0 79.8692 1.16895 59.9855 9.50964 0.0332031 0.0253906
2.78481 18.9074 0.278329 4.1084 1.64141 1.59148 0.695517 5.57726 -0.444105 3.53282 13.9775 0.848415 1.39286 1.07566 1.30015 1.91443  2048 2048 387 0 0 79.8692 1.1599 59.9855 9.50883 0.0332031 0.0253906
2.78481 18.9074 0.278329 4.1084 1.64141 1.59148 0.695517 5.57726 -0.444105 3.53282 13.9775 0.848415 1.39286 1.60479 1.39872 1.09745  2048 2048 387 0 0 79.8692 1.15091 59.9855 9.51399 0.0351563 0.0263672
2.78481 18.9074 0.278329 4.1084 1.64141 1.59148 0.695517 5.57726 -0.444105 9.46226 14.0324 0.848415 1.39286 1.07566 1.30015 1.8305  2048 1708 393 142 0 409.611 9.28747 60.0036 17.6512 348.813 1.12695
2.78481 18.9074 0.278329 4.1084 1.64141 1.59148 0.695517 5.57726 -0.444105 3.53282 14.0934 0.848415 1.39286 1.07566 0.88699 1.91443  2048 2048 387 0 0 79.8692 1.15414 59.9855 9.52109 0.0341797 0.0263672
2.78481 18.9074 0.278329 4.1084 1.59819 1.59148 0.695517 5.57726 0.477905 3.53282 14.0324 0.848415 1.39286 0.679098 1.22495 1.91443  2048 2048 823 0 0 99.9902 1.80161 59.9859 16.7907 8.41211 1.55811
2.78481 18.9074 0.278329 4.1084 1.64141 1.59148 0.695517 5.57726 -0.444105 3.53282 14.0934 0.848415 1.39286 1.60479 1.30015 1.09745  2048 2048 387 0 0 79.8692 1.15766 59.9855 9.51846 0.0332031 0.0253906
2.78481 18.9074 0.278329 4.1084 1.64141 1.59148 0.695517 5.57726 -0.444105 3.53282 14.0324 0.848415 1.39286 1.07566 0.88699 1.91443  2048 2048 387 0 0 79.8692 1.15942 59.9855 9.51965 0.0332031 0.0268555
2.78481 18.9074 0.278329 4.1084 1.64141 1.84643 0.695517 5.57726 -0.444105 3.53282 14.0324 0.848415 1.39286 1.07566 0.909391 1.8305  2048 2048 387 0 0 79.8192 1.19111 59.9855 9.50814 0.0341797 0.0419922
2.78481 18.9074 0.278329 4.1084 1.64141 1.59148 0.695517 5.57726 -0.444105 3.53282 14.0324 0.848415 1.39286 0.679098 1.22495 1.91443  2048 2048 387 0 0 79.8692 1.28598 59.9855 9.5174 0.0351563 0.027832
2.78481 18.9074 0.278329 4.1084 1.64141 1.59148 0.695517 5.57726 -0.444105 3.53282 14.0324 0.848415 1.39286 0.753136 1.30015 1.91443  2048 2048 387 0 0 79.8692 1.38598 59.9855 9.51365 0.0341797 0.0249023
2.78481 18.9074 0.278329 4.1084 1.64141 1.59148 0.695517 5.57726 -0.444105 2.14118 14.0324 0.848415 1.39286 1.60479 1.30015 1.8305  2048 2048 381 0 0 79.1191 1.17897 59.9855 9.49774 0.851074 1.73096
2.78481 18.9074 0.278329 4.1084 1.64141 1.59148 0.695517 5.57726 -0.444105 3.53282 14.0934 0.848415 1.39286 1.07566 1.30015 1.91443  2048 2048 387 0 0 79.8692 1.16171 59.9855 9.51064 0.0351563 0.0239258
2.78481 18.9074 0.278329 4.1084 1.59819 1.59148 0.695517 5.57726 -0.444105 3.53282 14.0324 0.848415 1.39286 1.07566 1.98029 1.91443  2048 2048 387 0 0 79.8692 1.15824 59.9855 9.50054 0.0341797 0.0219727
6.30726 18.9074 0.278329 4.1084 1.59819 1.59148 0.695517 8.85403 -0.444105 3.53282 14.0324 0.848415 1.39286 1.07566 1.39872 1.8305  2048 2048 1017 1250 0 122.662 1.51899 59.9861 11.4406 12.5898 3.44531
2.78481 18.9074 0.278329 4.1084 1.59819 1.59148 0.695517 8.85403 -0.444105 3.53282 14.0324 0.848415 1.39286 1.07566 1.98029 1.66576  2048 2048 385 0 0 79.3525 1.139 59.9855 9.29454 0.0351563 0.0229492
2.78481 18.9074 4.1084 7.17368 1.64141 1.59148 0.695517 5.57726 -0.444105 3.53282 14.0324 0.848415 1.39286 1.07566 1.98029 1.91443  2048 2048 388 0 0 79.6359 1.16588 59.9855 9.5499 0.373047 0.803711
2.78481 18.9074 0.278329 4.1084 1.64141 0.698752 0.695517 8.85403 -0.444105 3.53282 13.9775 0.848415 16.2163 1.07566 1.30015 1.91443  2048 2048 355 0 0 77.6688 1.10908 59.9855 9.03108 0.370605 0.654297
2.78481 18.9074 0.278329 4.1084 1.64141 1.59148 0.695517 5.57726 -0.444105 3.53282 14.0324 0.848415 1.39286 1.05313 1.39872 1.66576  2048 2048 387 0 0 79.8692 1.15408 59.9855 9.51041 0.0361328 0.0239258
2.78481 18.9074 0.278329 4.1084 1.64141 1.72118 0.695517 5.57726 -0.444105 3.53282 14.0324 0.848415 1.39286 1.07566 1.30015 1.8305  2048 2048 387 0 0 79.8692 1.14335 59.9855 9.5045 0.0449219 0.0302734
2.78481 18.9074 0.278329 4.1084 1.64141 1.59148 0.695517 5.50951 -0.444105 3.53282 14.0324 0.848415 1.39286 1.2219 1.98029 1.09745  2048 2048 387 0 0 79.8692 1.15586 59.9855 9.52032 0.0341797 0.0239258
2.78481 18.9074 0.278329 4.1084 1.64141 1.59148 0.695517 5.57726 -0.444105 3.53282 14.0324 0.848415 1.39286 1.19895 1.30015 1.91443  2048 2048 387 0 0 79.8692 1.15085 59.9855 9.50697 0.0332031 0.0229492
2.78481 18.9074 0.278329 4.1084 1.64141 1.24924 0.695517 5.57726 -0.444105 3.53282 14.0934 0.848415 1.39286 1.07566 1.08145 1.8305  2048 2048 385 0 0 79.6359 1.15929 59.9855 9.54132 0.0478516 0.0200195
2.78481 18.9074 0.278329 4.1084 1.64141 1.59148 0.695517 5.57726 -0.444105 3.53282 14.0324 0.848415 1.39286 1.07566 0.88699 1.8305  2048 2048 387 0 0 79.8692 1.1662 59.9855 9.5211 0.0341797 0.0263672
2.78481 18.9074 0.278329 4.1084 1.64141 1.59148 0.695517 5.57726 -0.444105 3.53282 14.0934 0.848415 1.39286 1.60479 0.909391 0.684835  2048 2048 387 0 0 79.8692 1.19668 59.9855 9.53893 0.0341797 0.0283203
2.78481 18.9074 0.278329 4.1084 0.156987 1.59148 0.695517 5.50951 -0.444105 3.53282 14.0324 0.848415 1.39286 1.07566 1.30015 1.91443  2048 2048 386 0 0 79.5525 1.15173 59.9855 9.60704 0.0644531 0.0219727
2.78481 18.9074 0.278329 4.1084 1.64141 1.59148 0.695517 5.57726 -0.444105 3.53282 14.0324 0.848415 1.39286 1.37449 1.39872 0.684835  2048 2048 387 0 0 79.8692 1.15466 59.9855 9.5302 0.0332031 0.0283203
2.78481 18.9074 0.278329 4.1084 1.64141 1.59148 0.695517 5.57726 -0.444105 3.53282 14.0934 0.848415 1.39286 1.60479 1.98029 1.09745  2048 2048 387 0 0 79.8692 1.15725 59.9855 9.50683 0.0341797 0.0229492
2.78481 18.9074 0.278329 4.1084 1.64141 1.59148 0.695517 5.57726 -0.444105 3.53282 14.0324 0.848415 1.39286 1.07566 1.98029 1.19425  2048 2048 387 0 0 79.8692 1.1645 59.9855 9.50902 0.0341797 0.0239258
2.78481 18.9074 0.278329 4.1084 1.64141 1.59148 0.695517 5.57726 -0.444105 3.53282 14.0324 0.848415 1.39286 1.07566 1.98029 1.8305  2048 2048 387 0 0 79.8692 1.15586 59.9855 9.49916 0.0361328 0.0214844
2.78481 18.9074 0.278329 4.1084 1.64141 1.59148 0.695517 5.57726 -0.444105 3.53282 14.0324 0.848415 1.39286 1.07566 0.909391 1.91443  2048 2048 387 0 0 79.8692 1.14969 59.9855 9.51955 0.0351563 0.0258789
2.78481 18.9074 0.278329 4.1084 1.59819 1.59148 0.695517 5.50951 -0.444105 3.53282 14.0324 0.848415 1.39286 1.07566 1.30015 1.91443  2048 2048 387 0 0 79.8692 1.14904 59.9855 9.52087 0.0361328 0.0229492
2.78481 18.9074 0.278329 4.1084 1.64141 1.59148 0.695517 5.57726 -0.444105 3.53282 14.0934 0.848415 1.39286 1.01138 1.39872 1.09745  2048 2048 387 0 0 79.8692 1.16793 59.9855 9.52486 0.0351563 0.0268555
2.78481 18.9074 0.278329 4.1084 1.64141 1.59148 0.695517 5.57726 -0.444105 3.53282 14.0324 0.848415 1.39286 1.07566 1.98029 1.66576  2048 2048 387 0 0 79.8692 1.15318 59.9855 9.50125 0.0332031 0.0229492
2.78481 18.9074 0.278329 4.1084 1.64141 1.59148 0.695517 5.50951 -0.444105 3.53282 14.0934 0.848415 1.39286 1.60479 1.39872 1.09745  2048 2048 387 0 0 79.8692 1.14697 59.9855 9.52548 0.0361328 0.0258789
2.78481 18.9074 0.278329 4.1084 1.59819 1.59148 0.695517 8.85403 -0.452895 3.53282 13.9775 0.848415 1.39286 0.753136 1.30015 1.91443  2048 2048 385 0 0 79.3191 1.1367 59.9855 9.30504 0.0341797 0.0307617
2.78481 18.9074 0.278329 4.1084 1.64141 1.59148 0.695517 5.57726 -0.444105 3.53282 14.0324 0.848415 1.39286 1.60479 1.30015 1.91443  2048 2048 387 0 0 79.8692 1.1579 59.9855 9.5028 0.0361328 0.0234375
2.78481 18.9074 0.278329 4.1084 1.59819 1.59148 0.695517 5.57726 -0.444105 3.53282 13.9775 0.848415 1.39286 1.07566 0.88699 1.91443  2048 2048 387 0 0 79.8692 1.14753 59.9855 9.52032 0.0341797 0.0268555
2.78481 18.9074 0.278329 4.1084 1.64141 1.59148 0.695517 5.57726 -0.444105 3.53282 14.0324 0.848415 1.39286 1.07566 1.98029 1.09745  2048 2048 387 0 0 79.8692 1.14992 59.9855 9.5117 0.0332031 0.0249023
4.87075 8.25343 0.278329 4.1084 1.64141 1.59148 0.695517 5.57726 -0.452895 3.53282 14.0934 0.848415 1.39286 1.60479 1.30015 1.91443  2048 2048 405 2 0 91.4884 1.43427 59.9857 12.703 10.0195 3.39014
2.78481 18.9074 0.278329 4.1084 1.64141 1.59148 0.695517 5.57726 -0.444105 3.53282 13.9775 1.39286 19.7278 1.07566 1.98029 1.91443  2048 2048 352 0 0 79.6359 1.17792 59.9855 9.8744 0.760254 3.91748
2.50099 18.9074 0.278329 4.1084 1.59819 1.59148 0.183721 8.85403 -0.444105 3.53282 7.87011 0.848415 1.39286 0.753136 1.30015 1.91443  2048 2048 369 0 0 78.4856 1.1209 59.9855 9.15192 0.0585938 0.238281
2.78481 18.9074 0.278329 4.1084 1.64141 1.59148 0.695517 5.57726 -0.444105 3.53282 14.0934 0.848415 1.39286 1.60479 0.961455 1.09745  2048 2048 387 0 0 79.8692 1.15142 59.9855 9.52629 0.0332031 0.0263672
2.78481 18.9074 0.278329 4.1084 1.64141 1.59148 0.974761 5.50951 -0.444105 3.53282 14.0324 0.848415 1.39286 1.07566 1.39872 1.8305  2048 2048 387 0 0 79.7526 1.15995 59.9855 9.49642 0.0302734 0.0458984
2.78481 18.9074 0.278329 4.1084 1.23698 1.59148 0.695517 5.57726 -0.444105 3.53282 14.0324 0.848415 1.39286 1.07566 1.22495 1.91443  2048 2048 386 0 0 79.5192 1.16159 59.9855 9.52912 0.0419922 0.0229492
2.78481 18.9074 0.278329 4.1084 1.64141 1.59148 0.695517 5.50951 -0.444105 3.53282 14.4737 0.848415 1.39286 1.07566 1.98029 1.09745  2048 2048 387 0 0 79.8692 1.17038 59.9855 9.52811 0.0361328 0.0170898
2.78481 18.9074 0.278329 4.1084 1.64141 1.54967 0.695517 5.57726 -0.444105 3.53282 14.0324 0.848415 1.39286 1.60479 1.30015 1.8305  2048 2048 387 0 0 79.8692 1.15259 59.9855 9.50613 0.0380859 0.0219727
2.78481 14.6654 0.278329 4.1084 1.64141 1.59148 0.695517 5.57726 -0.444105 3.53282 13.9775 0.848415 1.39286 1.07566 1.30015 1.91443  2048 2048 381 0 0 79.5192 1.15647 59.9855 9.40521 0.133301 0.00634766
2.78481 18.0248 0.278329 4.1084 1.64141 1.59148 0.695517 5.57726 -0.444105 3.53282 14.0324 0.848415 1.39286 1.07566 1.98029 1.91443  2048 2048 385 0 0 79.6359 1.17644 59.9855 9.47758 0.0390625 0.0170898
2.78481 18.9074 0.278329 4.1084 1.64141 1.59148 0.695517 5.50951 -0.444105 3.53282 13.9775 0.848415 1.39286 1.07566 1.30015 1.91443  2048 2048 387 0 0 79.8692 1.1537 59.9855 9.51875 0.0332031 0.0258789
2.78481 18.9074 0.278329 4.1084 1.64141 1.59148 0.695517 5.57726 -0.444105 3.53282 14.0324 0.848415 1.39286 1.91467 0.909391 1.8305  2048 2048 387 0 0 79.8692 1.15074 59.9855 9.5079 0.0351563 0.0258789
2.78481 18.9074 0.278329 4.1084 1.64141 1.59148 0.695517 5.57726 -0.444105 3.53282 14.0324 0.848415 19.9347 1.60479 1.98029 1.91443  2048 2048 350 0 0 78.3856 1.12709 59.9855 9.33528 0.956055 1.32227
2.78481 18.9074 0.278329 4.1084 1.64141 1.59148 0.695517 5.57726 -0.444105 3.53282 13.9775 0.848415 18.2659 1.07566 0.88699 1.09745  2048 2048 367 0 0 78.4523 1.13489 59.9855 9.23194 0.162598 0.67334
2.78481 18.9074 2.18329 4.1084 1.59819 1.59148 0.695517 5.57726 -0.444105 3.53282 14.0324 0.848415 1.39286 1.07566 0.88699 1.91443  2048 2048 387 0 0 79.8692 1.15299 59.9855 9.61556 0.0458984 0.0239258
2.78481 18.9074 0.278329 4.1084 1.64141 1.59148 0.695517 8.85403 -0.444105 3.53282 14.0324 0.848415 1.39286 1.07566 1.98029 1.09745  2048 2048 385 0 0 79.3191 1.15137 59.9855 9.30351 0.0351563 0.027832
2.78481 18.9074 3.44554 4.1084 1.64141 1.59148 0.695517 5.57726 -0.444105 3.53282 14.0324 0.848415 1.39286 1.07566 0.909391 0.684835  2048 2048 386 0 0 80.8361 1.20466 59.9856 10.2355 0.233398 0.0341797
2.78481 18.9074 0.278329 4.1084 1.64141 1.59148 0.695517 5.57726 -0.444105 3.53282 14.0324 0.848415 1.39286 1.07566 1.98029 0.684835  2048 2048 387 0 0 79.8692 1.16537 59.9855 9.52185 0.0351563 0.0258789
2.78481 18.9074 0.278329 4.1084 1.64141 1.59148 0.695517 5.57726 -0.452895 3.53282 13.9775 0.848415 1.39286 1.60479 1.39872 1.09745  2048 2048 387 0 0 79.8692 1.16526 59.9855 9.50467 0.0371094 0.0268555
2.78481 18.9074 0.278329 4.1084 1.64141 1.59148 0.695517 5.57726 -0.444105 3.53282 13.9775 0.848415 1.39286 1.07566 0.88699 1.8305  2048 2048 387 0 0 79.8692 1.17177 59.9855 9.51919 0.0322266 0.0288086
2.78481 18.9074 0.278329 4.1084 1.64141 1.59148 0.695517 5.50951 -0.444105 3.53282 14.0324 0.848415 1.39286 1.07566 0.909391 0.684835  2048 2048 387 0 0 79.8692 1.15198 59.9855 9.55546 0.0351563 0.0332031
2.78481 18.9074 0.278329 4.1084 1.64141 1.59148 0.695517 5.57726 -0.444105 1.05686 14.0324 0.848415 1.39286 1.07566 1.30015 1.91443  2048 2048 381 0 0 79.0024 1.15909 59.9855 9.46797 0.384277 2.79492
2.78481 18.9074 0.278329 4.1084 1.59819 1.59148 0.695517 5.57726 -0.444105 3.53282 14.0324 0.848415 1.39286 1.07566 1.22495 1.91443  2048 2048 387 0 0 79.8692 1.16698 59.9855 9.51205 0.0341797 0.0234375
2.78481 18.9074 0.278329 4.1084 1.64141 1.59148 0.695517 5.50951 -0.444105 3.53282 14.0324 0.848415 1.39286 1.05313 1.39872 1.91443  2048 2048 387 0 0 79.8692 1.15444 59.9855 9.51768 0.0332031 0.0234375
2.78481 18.9074 0.278329 4.1084 1.64141 1.59148 0.695517 5.57726 -0.444105 3.53282 14.0934 0.848415 1.39286 1.07566 1.39872 0.344981  2048 2048 387 0 0 79.8692 1.15084 59.9855 9.54524 0.0351563 0.0307617
2.78481 18.9074 0.278329 4.1084 1.59819 1.59148 0.695517 5.57726 -0.444105 3.53282 14.0324 0.848415 15.1964 1.07566 0.88699 1.91443  2048 2048 367 0 0 78.3523 1.13057 59.9855 9.19344 0.262207 0.479492
2.78481 18.9074 0.278329 4.1084 1.64141 1.59148 0.695517 5.50951 -0.444105 3.53282 14.0324 0.848415 1.39286 1.07566 1.98029 1.66576  2048 2048 387 0 0 79.8692 1.15622 59.9855 9.51139 0.0341797 0.0239258
2.78481 18.9074 4.1084 11.5983 1.64141 1.59148 0.695517 5.57726 -0.444105 3.53282 14.0934 0.848415 1.39286 1.05313 1.39872 1.91443  2048 2048 381 0 0 79.0691 1.19759 59.9855 9.96611 3.06592 2.93213
2.78481 18.9074 4.1084 9.55657 1.64141 1.59148 0.695517 5.57726 -0.444105 3.53282 14.0324 0.848415 1.39286 1.07566 0.88699 1.91443  2048 2048 387 0 0 79.3858 1.18365 59.9855 9.72777 1.61133 2.25098
2.78481 18.9074 0.278329 4.1084 1.64141 1.59148 0.695517 3.28135 -0.444105 3.53282 14.0324 0.848415 1.39286 1.07566 0.153813 0.684835  2048 2048 387 0 0 79.9193 1.18524 59.9855 10.0343 0.0742188 0.0854492
2.78481 18.9074 0.278329 4.1084 1.64141 1.59148 0.695517 8.85403 -0.444105 3.53282 14.0324 0.848415 1.39286 1.07566 1.30015 1.91443  2048 2048 385 0 0 79.3191 1.13201 59.9855 9.30079 0.0341797 0.0268555
2.78481 18.9074 0.278329 4.1084 1.64141 1.59148 0.695517 5.57726 -0.452895 3.53282 14.0324 0.848415 1.39286 1.07566 1.30015 1.66576  2048 2048 387 0 0 79.8692 1.1451 59.9855 9.50344 0.0351563 0.0244141
2.78481 18.9074 0.278329 4.1084 1.64141 1.59148 0.695517 5.57726 -0.444105 3.53282 13.9775 0.848415 1.39286 1.07566 1.98029 1.09745  2048 2048 387 0 0 79.8692 1.15109 59.9855 9.50949 0.0332031 0.0263672
2.78481 18.9074 0.278329 4.1084 1.64141 1.59148 0.695517 5.50951 -0.444105 3.53282 14.0324 0.848415 1.39286 1.07566 1.39872 1.91443  2048 2048 387 0 0 79.8692 1.16228 59.9855 9.5174 0.0332031 0.0239258
2.78481 18.9074 0.278329 4.1084 1.64141 1.59148 0.695517 5.50951 -0.444105 3.53282 14.0324 0.848415 1.39286 1.07566 1.30015 1.09745  2048 2048 387 0 0 79.8692 1.21229 59.9855 9.53579 0.0390625 0.0288086
2.78481 18.9074 0.278329 4.1084 1.18235 1.59148 0.695517 5.57726 -0.444105 3.69274 14.0324 0.848415 1.39286 1.07566 1.22495 1.91443  2048 2048 386 0 0 79.5358 1.15274 59.9855 9.55793 0.0566406 0.00585938
2.78481 18.9074 0.278329 4.1084 1.64141 1.59148 0.695517 5.57726 -0.444105 3.53282 13.9775 0.848415 1.39286 1.07566 1.39872 1.91443  2048 2048 387 0 0 79.8692 1.16255 59.9855 9.50633 0.0332031 0.0258789
2.78481 18.9074 0.278329 4.1084 1.59819 1.59148 0.695517 8.85403 -0.444105 3.53282 14.0934 0.848415 1.39286 1.60479 1.30015 1.91443  2048 2048 385 0 0 79.3525 1.14507 59.9855 9.29852 0.0332031 0.0229492
2.78481 18.9074 0.278329 4.1084 1.64141 1.59148 0.695517 5.57726 -0.444105 3.53282 13.9775 5.67827 16.6466 1.07566 0.88699 1.91443  2048 2048 373 0 0 79.0691 1.14383 59.9855 9.4732 0.356445 2.16309
2.78481 2.7485 0.278329 4.1084 1.64141 1.59148 0.695517 6.99942 -0.444105 3.53282 14.0934 0.848415 1.39286 1.07566 1.30015 1.077  2048 2048 346 0 0 77.3187 1.10504 59.9855 9.05683 7.8208 0
2.78481 18.9074 0.278329 4.1084 1.59819 1.59148 0.695517 5.57726 -0.444105 3.53282 14.0324 0.848415 1.39286 1.07566 1.30015 1.91443  2048 2048 387 0 0 79.8692 1.15306 59.9855 9.51086 0.0351563 0.0229492
2.78481 18.9074 0.278329 4.1084 1.64141 1.59148 0.695517 5.57726 -0.452895 3.53282 14.0324 0.848415 1.39286 1.07566 1.98029 1.91443  2048 2048 387 0 0 79.8692 1.15772 59.9855 9.48938 0.0341797 0.0224609
2.78481 18.9074 0.278329 4.1084 1.64141 1.59148 0.695517 5.57726 -0.444105 3.53282 14.0324 0.848415 1.39286 1.60479 1.39872 1.09745  2048 2048 387 0 0 79.8692 1.15721 59.9855 9.51496 0.0351563 0.0253906
2.78481 18.9074 0.278329 4.1084 1.64141 1.59148 0.695517 5.57726 -0.444105 3.53282 14.0934 1.39286 17.3064 1.07566 1.39872 1.09745  2048 2048 367 0 0 78.4856 1.13728 59.9855 9.34099 0.325195 1.51172
2.78481 18.9074 0.278329 4.1084 1.64141 1.59148 0.695517 5.57726 0.151006 3.53282 14.0324 0.848415 1.39286 1.60479 1.39872 1.8305  2048 2048 417 0 0 82.1531 1.30679 59.9856 11.7232 0.377441 0.27832
2.78481 18.9074 0.278329 4.1084 1.64141 1.82318 0.695517 5.57726 0.602832 3.53282 14.0324 0.848415 1.39286 1.05313 1.39872 1.91443  2048 2048 1066 0 0 109.992 2.05909 59.986 19.4065 19.2808 2.09473
2.78481 18.9074 0.278329 4.1084 1.64141 1.59148 0.695517 5.57726 -0.444105 3.53282 13.9775 0.848415 1.39286 1.60479 1.30015 1.91443  2048 2048 387 0 0 79.8692 1.16021 59.9855 9.50207 0.0410156 0.0239258
2.78481 18.9074 0.278329 4.1084 1.64141 1.59148 0.695517 5.57726 -0.444105 3.53282 14.0324 0.848415 1.39286 1.07566 0.909391 1.09745  2048 2048 387 0 0 79.8692 1.16179 59.9855 9.53698 0.0322266 0.0302734
2.78481 18.9074 0.278329 4.1084 1.64141 1.59148 0.695517 8.85403 -0.444105 3.53282 14.0324 0.848415 1.39286 0.753136 1.30015 1.91443  2048 2048 385 0 0 79.3191 1.13155 59.9855 9.30569 0.0332031 0.0297852
2.78481 18.9074 0.278329 4.1084 1.64141 1.59148 0.695517 5.57726 -0.444105 3.53282 14.0934 0.848415 1.39286 1.07566 1.98029 1.91443  2048 2048 387 0 0 79.8692 1.15659 59.9855 9.49945 0.0361328 0.0195313
2.78481 18.9074 4.1084 15.667 1.64141 1.59148 0.695517 5.57726 -0.444105 1.94647 14.0324 0.848415 1.39286 1.07566 1.22495 1.91443  2048 2048 385 0 0 79.5192 1.26864 59.9855 10.9506 6.26709 3.57324
2.78481 18.9074 0.278329 4.1084 0.14539 1.59148 0.695517 5.50951 -0.444105 3.53282 14.0324 0.848415 1.39286 1.07566 1.30015 1.91443  2048 2048 386 0 0 79.5358 1.15374 59.9855 9.60631 0.0644531 0.0219727
2.78481 18.9074 0.278329 4.1084 1.64141 1.59148 0.695517 5.57726 -0.444105 3.53282 14.0324 0.848415 14.6068 0.683981 1.30015 1.91443  2048 2048 367 0 0 78.4523 1.11352 59.9855 9.24766 0.257324 0.602051
2.78481 18.9074 0.278329 4.1084 1.64141 1.59148 0.695517 5.57726 -0.444105 3.53282 14.0324 1.39286 2.04352 1.07566 1.30015 1.8305  2048 2048 386 0 0 79.4192 1.16344 59.9855 9.54024 0.0488281 0.0615234
2.78481 18.9074 0.278329 4.1084 1.64141 1.51933 0.695517 5.57726 -0.444105 3.53282 14.0324 0.848415 1.39286 1.07566 1.30015 1.8305  2048 2048 386 0 0 79.5192 1.17564 59.9855 9.51398 0.0429688 0.0205078
2.78481 18.9074 0.278329 14.7075 1.64141 1.59148 0.695517 5.57726 -0.444105 3.53282 14.0324 0.848415 1.39286 1.07566 0.909391 1.8305  2048 2048 382 0 0 79.1191 1.23993 59.9855 10.5449 4.5918 3.39893
2.78481 18.9074 0.278329 4.1084 1.59819 1.59148 0.695517 5.57726 -0.444105 3.53282 14.0324 0.848415 1.39286 1.07566 1.98029 1.13181  2048 2048 387 0 0 79.8692 1.15223 59.9855 9.51272 0.0380859 0.0224609
2.78481 18.9074 0.278329 18.3117 1.64141 1.59148 0.695517 5.57726 -0.444105 3.53282 14.0934 0.848415 1.39286 1.60479 1.39872 1.09745  2048 2048 391 0 0 80.3193 1.30173 59.9855 11.1289 6.24316 3.49414
2.78481 18.9074 0.278329 4.1084 1.59819 1.59148 0.695517 5.57726 -0.444105 5.11185 14.0324 0.848415 1.39286 1.60479 1.22495 1.91443  2048 2048 390 0 0 81.2195 1.20484 59.9856 10.0929 1.74121 0
2.78481 18.9074 0.278329 4.1084 1.59819 1.59148 0.695517 8.85403 0.332606 3.53282 14.0324 0.848415 1.39286 0.753136 1.30015 1.91443  2048 2048 809 0 0 107.092 2.13623 59.986 20.6995 50.8564 2.89844
2.78481 18.9074 0.278329 4.1084 1.25321 1.59148 0.695517 5.50951 -0.444105 3.53282 14.0324 0.848415 1.39286 1.07566 1.98029 1.09745  2048 2048 386 0 0 79.5192 1.15595 59.9855 9.53938 0.046875 0.0209961
2.78481 18.9074 0.278329 4.1084 1.64141 1.78045 0.695517 5.57726 -0.444105 3.53282 14.0324 0.848415 1.39286 1.07566 1.30015 1.8305  2048 2048 387 0 0 79.8192 1.15461 59.9855 9.50257 0.0371094 0.0341797
2.78481 18.9074 0.278329 4.1084 1.59819 1.59148 0.695517 5.57726 -0.444105 7.66655 14.0324 0.848415 1.39286 1.07566 0.88699 1.91443  2048 2012 390 0 0 409.611 5.01562 59.9976 23.9558 360.799 0.716309
2.78481 18.9074 0.278329 4.1084 1.64141 1.43492 0.695517 5.57726 -0.444105 3.53282 14.0324 0.848415 1.39286 1.60479 1.39872 1.91443  2048 2048 386 0 0 79.4692 1.15604 59.9855 9.51138 0.0537109 0.0200195
2.78481 18.9074 0.278329 4.1084 1.59819 1.59148 0.695517 5.57726 -0.444105 3.53282 14.0324 0.848415 8.00256 1.07566 1.98029 1.66576  2048 2048 368 0 0 78.4523 1.16495 59.9855 9.34525 0.254883 0.0078125
2.78481 18.9074 0.278329 4.1084 1.64141 1.59148 0.695517 5.57726 -0.444105 3.53282 14.0324 0.848415 1.39286 1.60479 1.39872 0.684835  2048 2048 387 0 0 79.8692 1.19996 59.9855 9.52647 0.0361328 0.0273438
2.78481 18.9074 0.278329 4.1084 1.59819 1.59148 1.36814 5.57726 -0.444105 3.53282 14.0324 0.848415 1.39286 1.07566 1.30015 1.91443  2048 2048 387 0 0 79.6359 1.17333 59.9855 9.4659 0.0390625 0.0908203
2.78481 18.9074 0.278329 4.1084 1.59819 1.59148 0.695517 8.85403 -0.444105 3.53282 14.0324 0.848415 1.39286 0.753136 0.909391 0.684835  2048 2048 385 0 0 79.3025 1.14142 59.9855 9.3448 0.0390625 0.0390625
2.78481 18.9074 0.278329 4.1084 1.64141 1.59148 0.695517 5.50951 -0.444105 3.53282 14.0324 0.848415 1.39286 1.07566 1.39872 1.8305  2048 2048 387 0 0 79.8692 1.1537 59.9855 9.51801 0.0332031 0.0239258
2.78481 18.9074 0.278329 4.1084 1.64141 1.59148 0.695517 5.57726 -0.444105 3.53282 14.0324 0.848415 1.39286 1.05313 1.30015 1.91443  2048 2048 387 0 0 79.8692 1.17267 59.9855 9.5095 0.0341797 0.0234375
2.78481 18.9074 0.278329 4.1084 1.59819 1.59148 0.695517 5.57726 -0.444105 3.53282 14.0324 0.848415 1.39286 1.07566 1.98029 1.8305  2048 2048 387 0 0 79.8692 1.1567 59.9855 9.50185 0.0332031 0.0219727
2.78481 18.9074 0.278329 4.1084 1.64141 1.59148 1.35081 5.57726 -0.444105 3.53282 14.0324 0.848415 1.39286 0.713828 1.30015 1.8305  2048 2048 387 0 0 79.6359 1.14878 59.9855 9.47254 0.0361328 0.0961914
2.78481 18.9074 0.278329 4.1084 1.64141 1.59148 0.695517 5.57726 -0.444105 3.53282 14.0324 0.848415 1.39286 0.753136 1.30015 1.8305  2048 2048 387 0 0 79.8692 1.14901 59.9855 9.51506 0.0341797 0.0253906
2.78481 18.9074 0.278329 4.1084 1.64141 1.59148 0.695517 5.00717 -0.444105 3.53282 14.0324 0.848415 1.39286 1.05313 1.22495 1.91443  2048 2048 387 0 0 79.9026 1.17894 59.9855 9.60956 0.0439453 0.0297852
2.78481 18.9074 0.278329 4.1084 1.59819 1.59148 0.695517 5.57726 -0.444105 3.53282 14.0324 0.848415 1.39286 1.07566 0.909391 1.30717  2048 2048 387 0 0 79.8692 1.16798 59.9855 9.53354 0.0302734 0.0283203
2.78481 18.9074 0.278329 4.1084 1.59819 1.59148 0.695517 5.57726 -0.444105 3.53282 14.0324 0.848415 1.39286 0.753136 1.30015 1.91443  2048 2048 387 0 0 79.8692 1.15194 59.9855 9.51609 0.0351563 0.0229492
2.78481 18.9074 0.278329 4.1084 1.59819 1.59148 0.695517 8.85403 -0.444105 3.53282 14.0324 0.848415 1.39286 0.753136 0.88699 1.91443  2048 2048 385 0 0 79.3191 1.14646 59.9855 9.32142 0.0380859 0.0307617
2.78481 18.9074 4.1084 7.40501 1.59819 1.59148 0.695517 8.85403 -0.444105 3.53282 14.0324 0.848415 1.39286 1.07566 0.88699 1.91443  2048 2048 388 0 0 79.4525 1.14161 59.9855 9.22117 0.341797 0.912109
2.78481 18.9074 0.278329 4.1084 1.59819 1.42705 0.695517 5.57726 -0.444105 3.53282 14.0324 0.848415 1.39286 1.07566 0.88699 1.91443  2048 2048 386 0 0 79.5192 1.16805 59.9855 9.53466 0.046875 0.0234375
2.78481 18.9074 0.278329 4.1084 1.01041 1.59148 0.695517 5.57726 -0.444105 3.53282 14.0324 0.848415 1.39286 1.07566 1.30015 1.91443  2048 2048 386 0 0 79.5192 1.15916 59.9855 9.53775 0.046875 0.0234375
2.78481 18.9074 0.278329 2.06183 1.64141 1.59148 0.695517 5.57726 -0.444105 3.53282 14.0324 0.848415 1.39286 1.07566 0.909391 1.8305  2048 2048 385 0 0 81.7697 1.24277 59.9856 10.7952 0.424316 0.0986328
2.78481 18.9074 0.278329 4.1084 1.59819 1.59148 0.695517 5.57726 -0.444105 3.53282 14.0324 0.848415 1.39286 1.07566 1.39872 1.91443  2048 2048 387 0 0 79.8692 1.16094 59.9855 9.50919 0.0322266 0.0224609
2.78481 18.9074 0.278329 4.1084 1.64141 1.59148 0.695517 5.50951 -0.444105 3.53282 14.0934 0.848415 1.39286 1.07566 1.30015 1.91443  2048 2048 387 0 0 79.8692 1.14283 59.9855 9.51982 0.0341797 0.0244141
2.78481 18.9074 0.278329 4.1084 1.64141 1.59148 0.695517 8.26563 -0.444105 3.53282 14.0324 0.848415 1.39286 1.60479 1.30015 1.91443  2048 2048 385 0 0 79.3858 1.14554 59.9855 9.30912 0.0341797 0.0239258
2.78481 18.9074 0.278329 4.1084 1.64141 1.59148 0.695517 5.50951 -0.444105 3.53282 14.0324 0.848415 1.39286 1.07566 1.98029 0.503677  2048 2048 387 0 0 79.8692 1.15648 59.9855 9.5373 0.0371094 0.0302734
2.78481 18.9074 0.278329 4.1084 1.64141 1.59148 0.355235 7.64855 -0.444105 3.53282 14.0934 0.848415 1.39286 1.07566 1.98029 1.09745  2048 2048 385 0 0 79.6359 1.14595 59.9855 9.41124 0.0556641 0.0185547
2.78481 18.9074 0.278329 4.1084 1.59819 1.59148 0.695517 7.9461 -0.444105 3.53282 14.0324 0.848415 1.39286 1.07566 1.30015 1.66576  2048 2048 386 0 0 79.3025 1.14616 59.9855 9.33327 0.0371094 0.0273438
2.78481 18.9074 0.278329 4.1084 1.59819 1.59148 0.695517 8.85403 -0.444105 3.53282 14.0324 0.848415 1.39286 1.07566 1.39872 1.91443  2048 2048 385 0 0 79.3525 1.13463 59.9855 9.30127 0.0361328 0.0253906
2.78481 18.9074 0.278329 4.1084 1.64141 1.59148 0.695517 5.57726 -0.444105 8.97122 13.9775 0.848415 1.39286 1.07566 1.98029 1.91443  2048 1746 393 49 0 409.611 9.21873 60.0057 23.8867 521.215 0.902344
2.78481 18.9074 0.278329 4.1084 1.5371 1.59148 0.695517 9.06461 -0.444105 3.53282 14.0324 0.848415 1.39286 1.07566 1.30015 1.24723  2048 2048 385 0 0 79.3025 1.1484 59.9855 9.31446 0.0341797 0.0297852
2.78481 18.9074 0.278329 4.1084 1.64141 0.842372 0.695517 5.57726 -0.444105 3.53282 14.0934 0.848415 1.39286 1.60479 1.30015 1.91443  2048 2048 385 0 0 79.7359 1.16052 59.9855 9.57637 0.0683594 0.0146484
2.78481 18.9074 0.278329 4.1084 1.59819 1.59148 0.695517 5.57726 -0.444105 3.53282 14.0324 0.848415 1.39286 1.60479 1.39872 1.09745  2048 2048 387 0 0 79.8692 1.15415 59.9855 9.51725 0.0341797 0.0253906
2.78481 18.9074 0.278329 4.1084 1.59819 1.59148 0.149663 5.57726 -0.444105 3.53282 14.0324 0.848415 1.39286 1.07566 1.30015 1.66576  2048 2048 383 0 0 79.7526 1.17163 59.9855 9.63254 0.0849609 0.0200195
2.78481 18.9074 0.278329 4.1084 1.64141 1.59148 0.695517 8.85403 -0.444105 3.53282 14.0324 0.848415 1.39286 0.753136 0.909391 1.8305  2048 2048 385 0 0 79.3191 1.15889 59.9855 9.31988 0.0332031 0.03125
2.78481 18.9074 0.278329 4.1084 1.64141 1.59148 0.695517 5.57726 -0.259529 3.53282 3.21787 0.848415 1.39286 1.60479 1.30015 1.91443  2048 2048 383 0 0 79.3191 1.16204 59.9855 9.6915 0.748535 2.17969
2.78481 18.9074 0.278329 4.1084 1.64141 1.59148 0.695517 5.50951 -0.444105 3.53282 14.0324 0.848415 1.39286 1.07566 1.98029 1.91443  2048 2048 387 0 0 79.8692 1.15433 59.9855 9.50872 0.0371094 0.0209961
2.78481 18.9074 0.278329 4.1084 1.64141 1.59148 0.695517 5.57726 -0.444105 3.53282 13.9775 0.848415 1.39286 1.07566 1.22495 1.91443  2048 2048 387 0 0 79.8692 1.16547 59.9855 9.50916 0.0341797 0.0263672
2.78481 18.9074 0.278329 4.1084 1.64141 1.59148 0.695517 5.57726 -0.444105 3.53282 14.0324 0.848415 16.8737 1.07566 1.30015 1.91443  2048 2048 363 0 0 78.1355 1.13732 59.9855 9.20755 0.360352 0.78125
2.78481 18.9074 0.278329 4.1084 0.91879 1.97736 0.695517 5.57726 -0.444105 3.53282 14.0324 0.848415 1.39286 1.07566 1.30015 1.91443  2048 2048 387 0 0 79.8692 1.15757 59.9855 9.52132 0.0341797 0.0317383
2.78481 18.9074 0.278329 4.1084 1.64141 1.59148 0.695517 5.57726 -0.444105 3.53282 14.0934 0.848415 1.39286 1.79406 1.39872 1.09745  2048 2048 387 0 0 79.8692 1.15361 59.9855 9.51341 0.0332031 0.0244141
2.78481 18.9074 0.278329 4.1084 1.59819 1.59148 0.695517 5.57726 -0.444105 3.53282 14.0324 0.848415 1.39286 0.280465 1.22495 1.91443  2048 2048 387 0 0 79.8692 1.1531 59.9855 9.52792 0.0390625 0.0292969
2.78481 18.9074 0.278329 4.1084 1.64141 1.59148 0.695517 5.57726 0.194174 8.80581 14.0324 0.848415 1.39286 1.07566 1.30015 1.91443  2048 1817 544 37 0 409.611 8.56493 60.0056 30.3935 644.296 2.21338
2.78481 18.9074 0.278329 4.1084 1.64141 1.59148 0.695517 5.50951 -0.444105 3.53282 14.0324 0.848415 1.39286 1.07566 0.88699 1.91443  2048 2048 387 0 0 79.8692 1.15157 59.9855 9.52997 0.0322266 0.027832
2.78481 18.9074 0.278329 4.1084 1.59819 1.59148 0.695517 8.85403 -0.444105 3.53282 14.0324 0.848415 1.39286 1.60479 1.39872 1.91443  2048 2048 385 0 0 79.3525 1.13547 59.9855 9.29472 0.0332031 0.0234375
2.78481 18.9074 0.278329 4.1084 1.64141 1.59148 0.695517 5.57726 -0.444105 3.53282 13.9775 0.848415 1.39286 1.07566 1.39872 1.8305  2048 2048 387 0 0 79.8692 1.15252 59.9855 9.50758 0.0332031 0.0253906
2.78481 18.9074 0.278329 4.1084 1.64141 1.59148 0.695517 5.57726 -0.444105 3.53282 14.0324 0.848415 1.39286 1.05313 1.98029 1.91443  2048 2048 387 0 0 79.8692 1.16558 59.9855 9.49905 0.0351563 0.0219727
2.78481 18.9074 0.278329 4.1084 1.59819 1.59148 0.695517 5.57726 -0.444105 3.53282 14.0324 0.848415 1.39286 1.07566 1.39872 1.8305  2048 2048 387 0 0 79.8692 1.14876 59.9855 9.51077 0.0332031 0.0224609
2.78481 18.9074 0.394299 4.1084 1.64141 1.59148 0.695517 5.57726 -0.444105 3.53282 14.0324 0.848415 1.39286 1.07566 1.30015 1.91443  2048 2048 387 0 0 79.8692 1.16834 59.9855 9.5086 0.0341797 0.0239258
2.78481 18.9074 0.278329 4.1084 1.64141 1.59148 0.695517 5.57726 -0.444105 3.53282 14.0324 0.848415 1.39286 1.08188 1.39872 1.8305  2048 2048 387 0 0 79.8692 1.15237 59.9855 9.50844 0.0322266 0.0234375
2.78481 18.9074 0.278329 4.1084 1.64141 1.59148 0.695517 5.50951 0.962233 3.53282 14.0324 0.848415 1.39286 1.07566 1.98029 1.09745  2048 2048 1903 1 0 133.178 2.35303 59.9873 21.6468 4.64355 1.68018
2.78481 18.9074 0.278329 4.1084 1.59819 1.59148 0.695517 5.57726 0.993225 3.53282 14.0324 0.848415 1.39286 1.07566 1.98029 1.8305  2048 2048 1998 0 0 136.178 2.3802 59.9879 21.9627 4.37354 1.54736
2.78481 18.9074 0.278329 4.1084 1.64141 1.59148 1.24918 5.50951 -0.444105 3.53282 14.0324 0.848415 1.39286 1.07566 1.98029 1.09745  2048 2048 387 0 0 79.6692 1.14229 59.9855 9.48495 0.0410156 0.0800781
2.78481 18.9074 0.278329 4.1084 1.64141 1.59148 0.695517 5.57726 -0.452895 3.53282 13.9775 0.848415 1.39286 1.07566 1.30015 0.0374767  2048 2048 387 0 0 79.8692 1.147 59.9855 9.54637 0.03125 0.0356445
2.78481 18.9074 0.278329 4.1084 1.64141 1.59148 0.695517 5.57726 -0.444105 3.53282 14.0324 0.848415 1.39286 1.07566 1.30015 0.499283  2048 2048 387 0 0 79.8692 1.15672 59.9855 9.54204 0.03125 0.0307617
2.78481 18.9074 0.278329 4.1084 1.59819 1.59148 0.695517 5.57726 -0.444105 4.68062 14.0324 0.848415 1.39286 1.07566 0.88699 1.91443  2048 2048 388 0 0 80.2027 1.18405 59.9855 9.80624 0.668457 0
2.78481 18.9074 0.278329 8.44081 0.0157476 1.59148 0.695517 5.57726 -0.444105 3.53282 14.0324 0.848415 1.39286 1.07566 1.98029 1.66576  2048 2048 387 0 0 79.5192 1.17092 59.9855 9.5729 0.786133 1.29102
2.78481 18.9074 0.278329 4.1084 1.64141 1.59148 0.695517 5.57726 -0.444105 3.53282 14.0324 0.848415 1.39286 1.07566 1.30015 1.19633  2048 2048 387 0 0 79.8692 1.14352 59.9855 9.52263 0.0371094 0.0258789
2.78481 18.9074 0.278329 4.1084 1.59819 1.59148 0.695517 5.57726 -0.444105 3.53282 14.0324 0.848415 1.39286 0.679098 1.22495 0.684835  2048 2048 387 0 0 79.8692 1.15808 59.9855 9.54627 0.0341797 0.03125
2.78481 18.9074 0.278329 4.1084 1.59819 1.59148 0.695517 8.85403 -0.444105 3.53282 14.0324 0.848415 1.39286 0.753136 1.30015 1.09745  2048 2048 385 0 0 79.3191 1.1332 59.9855 9.32536 0.0390625 0.0307617
2.78481 18.9074 0.278329 4.1084 1.59819 1.59148 0.695517 8.85403 -0.444105 3.53282 13.9775 0.848415 1.39286 1.07566 1.30015 1.91443  2048 2048 385 0 0 79.3525 1.14463 59.9855 9.30213 0.0332031 0.0292969
2.78481 18.9074 0.278329 4.1084 1.64141 1.59148 0.695517 5.57726 -0.452895 3.53282 13.9775 0.848415 1.39286 1.07566 0.88699 1.91443  2048 2048 387 0 0 79.8692 1.14902 59.9855 9.50874 0.0332031 0.0288086
2.78481 18.9074 0.278329 4.1084 1.64141 1.59148 0.695517 5.50951 -0.444105 3.53282 14.0324 0.848415 1.39286 1.07566 1.39872 1.09745  2048 2048 387 0 0 79.8692 1.15899 59.9855 9.53236 0.0361328 0.0283203
2.78481 18.9074 0.278329 4.1084 1.64141 1.59148 0.695517 5.50951 -0.444105 3.53282 14.0324 0.848415 1.39286 1.07566 1.98029 1.8305  2048 2048 387 0 0 79.8692 1.15225 59.9855 9.50927 0.0361328 0.0214844
2.78481 18.9074 0.278329 4.1084 1.64141 1.59148 0.695517 5.57726 -0.444105 3.53282 13.9775 0.848415 1.39286 1.07566 0.88699 1.97778  2048 2048 387 0 0 79.8692 1.15452 59.9855 9.51774 0.0351563 0.0268555
2.78481 18.9074 4.1084 8.13746 1.64141 1.59148 0.695517 5.57726 -0.444105 3.53282 14.0324 0.848415 1.39286 1.07566 0.909391 0.684835  2048 2048 388 0 0 79.5358 1.16582 59.9855 9.62338 0.564941 1.52783
2.78481 18.9074 0.278329 4.1084 1.59819 1.59148 0.695517 5.57726 -0.444105 3.53282 14.0934 0.848415 1.39286 1.2056 1.30015 1.91443  2048 2048 387 0 0 79.8692 1.15897 59.9855 9.5103 0.0351563 0.0214844
2.78481 18.9074 0.278329 4.1084 1.59819 1.59148 0.695517 5.57726 -0.444105 3.53282 14.0324 0.848415 1.39286 1.07566 1.30015 1.8305  2048 2048 387 0 0 79.8692 1.15905 59.9855 9.51228 0.0341797 0.0229492
2.78481 18.9074 0.278329 4.1084 1.64141 1.59148 0.695517 5.57726 -0.444105 3.53282 14.0934 0.848415 1.39286 1.60479 1.30015 1.8305  2048 2048 387 0 0 79.8692 1.15845 59.9855 9.50518 0.0351563 0.0214844
2.78481 18.9074 0.278329 4.1084 1.64141 1.59148 0.695517 5.66179 -0.444105 3.53282 14.0324 0.848415 1.39286 1.07566 1.30015 1.91443  2048 2048 387 0 0 79.8692 1.14446 59.9855 9.49571 0.0351563 0.0234375
2.78481 18.9074 0.278329 4.1084 1.64141 1.59148 0.695517 5.57726 -0.444105 3.53282 13.9775 0.848415 1.39286 0.753136 1.30015 1.91443  2048 2048 387 0 0 79.8692 1.16041 59.9855 9.51263 0.0322266 0.0263672
2.78481 18.9074 0.278329 4.1084 1.64141 1.59148 0.695517 5.57726 -0.444105 3.53282 14.0324 0.14893 1.39286 1.07566 1.30015 1.91443  2048 2048 387 0 0 79.8692 1.16556 59.9855 9.50717 0.0351563 0.0234375
2.78481 18.9074 0.278329 4.1084 1.64141 1.59148 0.695517 5.57726 -0.444105 3.53282 14.0934 0.848415 1.39286 1.07566 0.909391 1.8305  2048 2048 387 0 0 79.8692 1.1615 59.9855 9.52162 0.0361328 0.0268555
2.78481 18.9074 0.278329 4.1084 1.64141 1.59148 0.695517 5.57726 -0.444105 3.53282 14.0324 0.848415 1.39286 1.60479 1.39872 1.91443  2048 2048 387 0 0 79.8692 1.15361 59.9855 9.5012 0.0371094 0.0239258
2.78481 18.9074 0.278329 4.1084 1.64141 1.59148 0.695517 5.57726 -0.444105 3.53282 14.0934 0.848415 1.39286 1.60479 0.0696432 1.8305  2048 2048 387 0 0 79.8692 1.16542 59.9855 9.54249 0.0351563 0.0292969
2.78481 18.9074 0.278329 4.1084 1.64141 1.59148 0.695517 5.50951 -0.444105 3.53282 14.0324 0.848415 1.39286 1.63744 1.30015 1.91443  2048 2048 387 0 0 79.8692 1.17024 59.9855 9.51274 0.0351563 0.0244141
2.78481 18.9074 4.1084 10.1431 1.64141 1.59148 0.695517 5.57726 -0.444105 3.53282 14.0324 0.848415 1.39286 1.07566 1.98029 1.91443  2048 2048 383 0 0 79.0691 1.17204 59.9855 9.76771 2.05371 2.42822
