30
5.45091 8.96512 4.08979 5.97491 23.278 25.0603 0.305307 0.646077 1.476 6.27766 16.5337 1.91815 1.7467 1.45006  2048 2048 561 166 0 96.3728 3.60204 59.9858 14.7594 12.895 27.6943
3.00058 18.88 1.27232 1.31474 26.2291 39.2483 1.21928 1.91223 0.144536 13.0772 17.5127 0.644246 0.209601 1.0101  2048 2048 398 0 0 94.9558 6.06433 59.9858 22.8656 76.2061 31.7358
2.27088 5.80584 9.1998 11.0233 5.7268 33.14 0.985076 0.758263 0.993622 10.1852 15.8672 0.764733 1.37632 1.0643  2048 1508 2534 1245 0 409.611 27.9072 60.0013 22.253 439.458 5.89258
6.06281 7.90368 0.0589007 14.1575 5.03098 31.1533 1.72649 0.983001 1.49467 7.60216 9.93805 1.57073 1.10562 0.714194  2048 2048 5084 619 0 303.387 23.713 60.0026 117.96 1421.13 245.462
9.55718 12.617 1.7658 7.48497 6.58132 37.1639 1.90344 1.22398 0.0556658 1.1182 6.59688 1.27842 0.263253 1.69414  2048 2048 1545 1673 0 245.967 7.54251 59.9998 23.7356 126.573 168.398
8.64315 11.9376 7.21641 17.0794 0.73397 6.32344 1.41581 1.23429 0.435133 1.31901 3.3784 1.24821 0.681967 0.638813  2048 2044 1017 1247 0 409.611 6.1542 59.9861 10.4047 5.20947 40.1763
3.67565 13.22 8.02393 16.1376 26.3268 30.5551 1.59636 1.8012 0.289621 8.04834 12.6035 0.507401 0.27308 1.71038  2048 2023 399 1 0 409.611 9.3186 59.9916 22.3336 18.8433 1.07715
0.661641 8.55617 5.73351 6.04572 11.2781 27.4026 0.6227 0.221259 1.61608 2.69417 5.68499 1.57622 1.79046 1.57927  2048 2048 398 0 0 93.7722 5.63006 59.9858 28.1419 669.821 29.5405
7.43797 12.3045 3.61126 17.1331 11.4246 43.1791 0.458876 0.4991 1.08481 1.07608 19.6966 0.162847 1.04935 0.853603  2048 2048 1327 1138 0 154.556 7.1934 59.9911 28.366 164.104 115.346
0.946684 5.17594 8.91537 4.65529 6.25477 7.32749 1.86328 0.160222 0.0941801 1.17435 6.72811 1.8294 0.797204 0.865566  2048 1501 2342 814 0 409.611 31.2884 60.0057 69.4388 3172.45 24.0371
9.46165 16.7437 5.34227 16.8419 19.8843 34.6767 0.518326 0.00866726 1.05118 7.97388 19.096 0.482192 1.17112 0.510269  2048 2048 1013 1293 0 126.229 3.31217 59.9861 10.3849 7.3623 44.0972
6.84011 18.9056 4.35499 17.8045 0.358592 47.0489 1.2031 1.57231 1.15336 2.8486 4.44655 0.766015 0.00854518 0.835841  2048 2048 2633 1334 0 268.862 15.6683 60.0011 68.8224 541.512 266.642
0.822474 13.1986 8.55098 1.29704 33.1034 40.553 1.38298 1.6054 1.06027 2.85531 13.7126 1.37901 1.45579 1.55547  2048 2048 390 0 0 82.053 3.49627 59.9856 14.2583 125.848 18.208
0.310678 17.3736 6.4452 14.1313 4.27259 27.5994 1.89581 0.117557 0.549944 2.90353 19.6356 1.23997 0.58449 1.84497  2048 2048 394 0 0 224.973 16.4763 59.9984 82.2915 3145.99 19.978
3.67534 13.8908 2.18635 3.11838 12.0273 26.072 1.80456 0.212836 1.80529 1.60222 8.8345 1.5642 0.343577 1.94879  2048 2048 4494 49 0 293.056 27.6545 60.0022 146.093 3352.98 175.755
7.75872 17.4078 2.10639 9.13236 0.187689 37.5317 0.228095 0.809412 0.622272 0.771508 19.8523 0.504166 0.378552 0.495376  2048 2048 1152 1180 0 148.258 5.02314 59.9901 19.2227 23.9473 13.5728
1.53508 12.4064 8.85372 18.7817 9.78271 38.9828 1.29112 1.31352 1.81829 9.10916 18.4259 1.32835 0.301523 1.27268  2048 1707 3643 1627 0 409.611 21.6548 60.0037 27.3248 699.243 5.01563
5.69536 8.44081 9.43022 10.8115 26.8227 28.9285 0.510575 0.793908 0.700522 0.732444 15.905 0.393017 0.140568 0.778832  2048 2016 857 780 0 409.611 7.91482 60.0056 17.4702 7.31348 3.69629
5.90747 1.4185 1.97668 3.11777 22.7165 32.2169 1.20859 1.3947 0.882595 7.93054 13.6894 1.67144 1.18442 0.399182  2048 2048 6498 110 0 382.784 37.804 60.0051 202.889 4453.14 340.573
9.49461 17.5201 3.91705 19.7491 9.26542 44.7859 1.1489 0.884121 1.25468 0.992462 14.1704 0.571123 0.520402 0.815271  2048 2048 1100 606 0 124.579 4.8428 59.9861 20.4327 50.6841 23.7114
8.95321 14.2039 7.28446 17.9211 19.6783 19.8706 1.80773 0.617206 0.776208 7.07114 11.4115 1.46739 1.49071 1.47276  2048 2044 995 1279 0 409.611 6.16922 59.9861 9.95514 5.83789 42.9668
7.39433 2.78634 2.00171 5.45183 34.022 45.5565 0.735679 1.03531 0.218757 4.0614 18.1487 1.03592 1.30967 0.877041  2048 2048 2596 678 0 265.629 16.37 60.0009 72.1778 670.799 234.177
6.87643 1.80853 0.795618 1.51555 1.39012 17.7541 0.61446 1.39457 0.285348 1.35685 7.89697 1.35148 1.44987 0.397412  2048 2048 2923 695 0 338.395 19.8849 60.0039 96.3387 1133.05 264.93
6.94021 12.3142 6.54897 10.8798 4.91501 27.2683 0.0992462 1.94916 0.928068 14.5573 19.3994 1.06192 1.35984 1.3856  2048 2048 2022 1168 0 216.558 10.5033 59.9978 40.5977 240.334 129.508
3.72112 7.77245 0.499588 16.1956 3.04117 8.47804 0.621113 1.56896 0.42494 6.43818 9.69329 0.0183111 0.879727 1.01572  2048 2048 390 0 0 87.6042 3.42509 59.9857 14.5724 36.4985 18.5762
6.05945 15.1708 4.01074 6.99606 42.1323 47.116 1.24662 1.99457 0.106937 11.2571 17.271 0.773522 0.612812 0.568438  2048 2048 1141 1353 0 186.032 7.81605 59.995 29.9304 102.882 150.122
0.267037 12.2514 3.91186 0.372326 1.55187 22.7851 1.71587 1.87353 0.803797 12.2318 14.5457 1.61675 1.75085 1.1652  2048 271 13015 182 0 409.611 39.3472 59.808 11.4423 28.4478 1.29785
5.95019 1.58025 7.93176 9.24406 29.4717 29.5312 1.1384 1.63213 1.3455 0.204474 6.87155 0.534623 0.683126 0.464187  2048 2044 564 157 0 409.611 7.71387 59.9945 17.4441 53.9854 1.43506
7.7102 7.43492 8.69869 2.33711 31.4463 36.2789 1.7879 0.366039 1.07114 15.6017 18.0401 1.93042 0.394726 1.80309  2048 2048 1022 990 0 133.095 5.27839 59.9872 20.2809 82.3364 84.9487
7.97418 19.068 8.48811 17.8069 9.27305 31.4356 1.23386 0.529984 0.501297 14.644 15.7622 0.341868 1.42778 0.961882  2048 2031 1207 1527 0 409.611 8.45096 59.9893 15.2132 29.9556 46.0815
