100 2
1.7185 14.5885 1.54424 4.79324 1.5949 1.48637 0.92465 1.89032 -0.495376 8.21619 2.38166 2.88705 4.53627 1.70757 0.374218 0.0783105  2048 2048 434 0 0 242.335 1.12491 59.9996 11.3325 0.0595703 0.213379
1.7185 14.5885 1.54424 4.79324 1.24235 1.7 0.92465 3.73089 -0.495376 8.21619 2.38166 2.88705 4.53627 1.70757 0.374218 0.0783105  2048 2048 434 0 0 241.069 1.13144 59.9995 10.8614 0.0761719 0.206543
1.7185 14.5885 1.54424 4.79324 1.24235 1.7 0.92465 1.89032 -0.495376 8.21619 2.38166 2.88705 4.53627 1.50786 0.113041 0.392468  2048 2048 434 0 0 241.935 1.11988 59.9996 11.3108 0.0625 0.226563
1.7185 14.5885 1.54424 4.79324 1.24235 1.7 0.92465 1.89032 -0.495376 8.21619 2.38166 2.88705 4.53627 1.70757 0.514237 0.0783105  2048 2048 434 0 0 242.102 1.12622 59.9996 11.3203 0.0771484 0.210938
1.7185 14.5885 1.54424 4.79324 1.24235 1.48637 0.92465 1.89032 -0.495376 8.21619 2.38166 2.88705 4.53627 1.70757 0.137089 0.392468  2048 2048 433 0 0 241.785 1.12691 59.9996 11.2715 0.0722656 0.227051
1.7185 14.5885 1.54424 4.79324 1.11435 1.59252 0.92465 3.73089 -0.495376 8.21619 2.38166 2.88705 4.53627 1.70757 0.113041 0.392468  2048 2048 433 0 0 240.802 1.13286 59.9995 10.7691 0.0869141 0.223145
1.7185 14.5885 1.54424 4.79324 1.24235 1.7 0.92465 1.89032 -0.495376 8.21619 2.38166 2.88705 4.53627 1.70757 0.374218 0.0783105  2048 2048 434 0 0 242.102 1.13199 59.9996 11.3403 0.0830078 0.208008
1.7185 14.5885 1.54424 4.79324 1.5949 1.48637 0.92465 1.89032 -0.495376 8.21619 2.38166 2.88705 4.53627 1.70757 0.137089 0.392468  2048 2048 433 0 0 241.385 1.11933 59.9995 11.2414 0.0742188 0.237793
1.7185 14.5885 1.54424 4.79324 1.24235 1.59252 0.92465 1.89032 -0.495376 8.21619 2.38166 2.88705 4.53627 1.70757 0.189703 0.392468  2048 2048 433 0 0 241.302 1.12115 59.9995 11.2467 0.0791016 0.226563
1.7185 14.5885 1.54424 4.79324 1.11435 1.7 0.92465 3.73089 -0.495376 8.21619 2.38166 2.88705 4.53627 1.70757 0.113041 0.392468  2048 2048 433 0 0 240.802 1.12179 59.9995 10.7716 0.0898438 0.228027
1.7185 14.5885 1.54424 4.79324 1.24235 1.7 0.92465 1.89032 0.948591 8.21619 2.38166 2.88705 4.53627 1.50786 0.113041 0.392468  2048 2046 443 0 0 409.611 1.46997 59.9997 13.3249 3.25928 0.77002
1.7185 14.5885 1.54424 4.79324 1.11435 1.7 0.92465 1.89032 -0.495376 8.21619 2.38166 2.88705 4.53627 1.70757 0.374218 0.0783105  2048 2046 434 0 0 409.611 1.38288 59.9995 11.3464 0.0727539 0.206543
1.7185 14.5885 1.54424 4.79324 1.24235 1.7 0.92465 1.89032 -0.495376 8.21619 2.38166 2.88705 4.53627 1.70757 0.137089 0.392468  2048 2048 433 0 0 241.285 1.11166 59.9995 11.2471 0.0991211 0.242188
1.7185 14.5885 1.54424 4.79324 1.5949 1.48637 0.92465 4.06232 -0.495376 8.21619 2.38166 4.53627 12.6145 1.70757 0.374218 0.0783105  2048 2024 435 0 0 409.611 1.66044 59.9996 13.0837 0.549316 1.9082
1.7185 14.5885 1.54424 4.79324 1.11435 1.48637 0.92465 1.89032 -0.495376 8.21619 2.38166 2.88705 4.53627 1.70757 0.374218 0.392468  2048 2048 433 0 0 241.285 1.10737 59.9995 11.2326 0.09375 0.216309
1.7185 14.5885 1.54424 4.79324 1.11435 1.48637 0.92465 3.73089 -0.495376 8.21619 2.38166 2.88705 4.53627 1.70757 0.113041 1.09415  2048 2048 433 0 0 240.285 1.08133 59.9995 10.5047 0.449707 0.310059
1.7185 14.5885 1.54424 4.79324 1.24235 1.48637 0.92465 0.23133 -0.495376 8.21619 2.38166 2.88705 4.53627 1.70757 0.137089 0.392468  2048 2048 433 0 0 241.785 1.1215 59.9996 11.4421 0.0996094 0.227051
1.7185 14.5885 1.54424 4.79324 1.24235 1.48637 0.92465 1.89032 -0.495376 8.21619 2.38166 2.88705 4.53627 1.70757 0.137089 0.0159917  2048 2045 434 0 0 409.611 1.45568 59.9996 11.4389 0.0566406 0.213867
1.7185 14.5885 1.54424 4.79324 1.11435 1.7 0.92465 1.89032 -0.495376 8.21619 2.38166 2.88705 4.53627 1.70757 0.113041 0.392468  2048 2048 433 0 0 241.302 1.1147 59.9995 11.263 0.0874023 0.237793
1.7185 14.5885 1.54424 4.79324 1.24235 1.7 0.92465 3.73089 -0.495376 8.21619 2.38166 2.88705 4.53627 1.70757 0.113041 0.392468  2048 2048 433 0 0 241.069 1.08781 59.9995 10.7748 0.107422 0.232422
1.7185 14.5885 1.54424 4.79324 1.24235 1.98108 0.92465 1.89032 -0.495376 8.21619 2.38166 2.88705 4.53627 1.70757 0.514237 0.0783105  2048 2048 434 0 0 241.335 1.1269 59.9995 11.2857 0.0810547 0.231445
1.7185 14.5885 1.54424 4.79324 1.24235 1.7 0.92465 1.89032 -0.495376 8.21619 2.38166 4.53627 17.669 1.70757 0.374218 0.0783105  2048 2006 436 0 0 409.611 1.94867 59.9997 16.3931 17.3218 5.94482
1.7185 14.5885 1.54424 4.79324 1.24235 1.7 0.92465 3.73089 -0.495376 8.21619 8.12586 2.88705 4.53627 1.70757 0.113041 0.392468  2048 1679 442 0 0 409.611 4.65575 60.0053 31.9311 1207.32 36.3716
1.7185 14.5885 1.54424 4.79324 1.24235 1.7 0.92465 1.89032 -0.495376 8.21619 2.38166 2.88705 4.53627 1.70757 0.137089 0.0783105  2048 2046 434 0 0 409.611 1.39285 59.9995 11.3764 0.0634766 0.212891
1.7185 14.5885 1.54424 4.79324 1.5949 1.48637 0.92465 3.73089 -0.495376 8.21619 2.38166 2.88705 4.53627 1.70757 0.113041 0.392468  2048 2048 433 0 0 241.069 1.10193 59.9995 10.7864 0.0947266 0.245605
1.7185 14.5885 1.54424 4.79324 1.24235 1.7 0.92465 1.89032 -0.495376 8.21619 2.38166 2.88705 4.53627 1.70757 0.113041 0.392468  2048 2048 433 0 0 241.285 1.15276 59.9995 11.253 0.0771484 0.242676
1.7185 14.5885 1.54424 4.79324 1.5949 1.48637 0.92465 1.89032 -0.495376 8.21619 2.38166 2.88705 4.53627 0.0821558 0.374218 0.0783105  2048 2039 435 0 0 409.611 1.45265 59.9995 11.9736 0.0664063 0.267578
1.7185 14.5885 1.54424 4.79324 1.11435 1.7 0.92465 1.89032 -0.495376 8.21619 2.38166 2.88705 4.53627 1.70757 0.137089 0.392468  2048 2048 433 0 0 241.385 1.1031 59.9995 11.2599 0.0859375 0.231934
1.7185 14.5885 1.54424 4.79324 1.5949 1.48637 0.92465 1.89032 -0.495376 8.21619 2.38166 2.88705 4.53627 1.70757 1.09977 0.392468  2048 2048 433 0 0 240.802 1.10506 59.9995 11.1097 0.107422 0.211914
1.7185 14.5885 1.54424 4.79324 1.24235 1.7 0.92465 3.73089 0.164373 8.21619 2.38166 2.88705 4.53627 1.70757 0.113041 0.392468  2048 2048 436 0 0 246.301 1.18249 59.9998 11.8898 0.235352 0.262207
1.7185 14.5885 1.54424 4.79324 1.5949 1.48637 0.92465 1.89032 -0.495376 8.21619 2.38166 2.88705 4.53627 1.70757 0.514237 0.0783105  2048 2048 434 0 0 241.785 1.10958 59.9996 11.3082 0.0708008 0.21875
1.7185 14.5885 1.54424 4.79324 1.24235 1.48637 0.92465 3.73089 -0.495376 8.21619 2.38166 4.53627 4.53627 1.70757 0.137089 0.392468  2048 2039 435 0 0 409.611 1.40255 59.9995 11.605 0.0947266 0.251953
1.7185 14.5885 1.54424 4.79324 1.5949 1.48637 0.92465 1.89032 -0.495376 8.21619 2.38166 2.88705 4.53627 1.70757 0.4897 0.392468  2048 2048 433 0 0 240.919 1.10342 59.9995 11.1722 0.0966797 0.236328
1.7185 14.5885 1.54424 4.79324 1.24235 1.48637 0.92465 1.89032 -0.495376 8.21619 2.38166 2.88705 4.53627 1.70757 0.137089 0.0783105  2048 2046 434 0 0 409.611 1.46518 59.9995 11.4133 0.0668945 0.20752
1.7185 14.5885 1.54424 4.79324 1.24235 1.59252 0.92465 1.89032 -0.495376 8.21619 2.38166 2.88705 4.53627 1.70757 0.374218 0.0783105  2048 2047 434 0 0 409.611 1.37209 59.9996 11.3497 0.0712891 0.202637
1.7185 14.5885 1.54424 4.79324 1.5949 1.7 0.92465 1.89032 -0.495376 8.21619 2.38166 2.88705 4.53627 1.70757 0.374218 0.0783105  2048 2048 434 0 0 241.785 1.11236 59.9996 11.3068 0.0791016 0.237793
1.7185 14.5885 1.54424 4.79324 1.24235 1.59252 0.92465 1.89032 -0.495376 8.21619 2.38166 2.88705 4.53627 1.70757 0.189703 0.0783105  2048 2046 434 0 0 409.611 1.39753 59.9995 11.3817 0.0820313 0.20459
1.7185 14.5885 1.54424 4.79324 1.5949 1.48637 0.92465 3.73089 -0.495376 8.21619 2.38166 2.88705 4.53627 1.70757 0.137089 0.0783105  2048 2046 434 0 0 409.611 1.44155 59.9995 10.8939 0.0644531 0.22168
1.7185 14.5885 1.54424 4.79324 1.24235 1.7 0.92465 1.89032 -0.495376 8.21619 2.38166 2.88705 19.32 1.70757 0.374218 0.0783105  2048 2031 433 0 0 409.611 1.55495 59.9995 13.173 0.593262 2.49023
1.7185 14.5885 1.54424 4.79324 1.24235 1.59252 0.92465 6.3274 -0.495376 8.21619 2.38166 2.88705 4.53627 1.70757 0.189703 0.392468  2048 2048 433 0 0 240.285 1.06966 59.9995 10.2375 0.268555 0.245117
1.7185 14.5885 1.54424 4.79324 1.24235 1.7 0.92465 1.89032 -0.495376 8.21619 2.38166 3.95276 12.9057 1.26939 0.374218 0.0783105  2048 2028 436 0 0 409.611 1.56632 59.9996 13.3175 0.209961 1.40771
1.7185 14.5885 1.54424 4.79324 1.5949 1.48637 0.92465 7.6812 -0.495376 8.21619 2.38166 2.88705 4.53627 1.70757 0.137089 0.392468  2048 2048 432 0 0 240.502 1.10187 59.9995 10.0759 0.240234 0.260254
1.7185 14.5885 1.54424 4.79324 1.24235 1.59252 0.92465 3.73089 -0.495376 8.21619 2.38166 2.88705 4.53627 1.70757 0.113041 0.392468  2048 2048 433 0 0 240.802 1.09875 59.9995 10.7755 0.12207 0.236816
1.7185 14.5885 1.54424 15.23 1.24235 1.7 0.92465 1.89032 -0.495376 8.21619 2.38166 2.88705 4.53627 1.50786 0.113041 0.392468  2048 2048 445 0 0 263.43 2.17192 60.0008 28.7432 498.083 120.133
5.23118 14.5885 1.54424 4.79324 1.11435 1.7 0.92465 3.73089 -0.495376 8.21619 2.38166 2.88705 4.53627 1.70757 0.113041 0.392468  2048 2035 1098 934 0 409.611 3.08606 60.0055 40.2367 5.75928 517.837
1.7185 14.5885 1.54424 4.79324 1.5949 1.48637 0.92465 1.89032 -0.495376 8.21619 2.38166 2.88705 4.53627 1.70757 0.363292 0.0783105  2048 2048 434 0 0 241.885 1.1647 59.9996 11.3356 0.0615234 0.220215
1.7185 14.5885 1.54424 4.79324 1.5949 1.48637 0.92465 3.73089 -0.495376 8.21619 2.38166 2.88705 4.53627 1.70757 0.113041 0.369274  2048 2048 434 0 0 241.069 1.1005 59.9995 10.7943 0.0986328 0.23584
1.7185 14.5885 1.54424 4.79324 1.8507 1.7 0.92465 1.89032 -0.495376 8.21619 2.38166 2.88705 4.53627 1.70757 0.137089 0.392468  2048 2048 433 0 0 241.285 1.10981 59.9995 11.2103 0.0986328 0.274414
1.7185 14.5885 1.54424 4.79324 1.24235 0.0287484 0.92465 1.89032 -0.495376 8.21619 2.38166 2.88705 4.53627 1.70757 0.514237 0.0783105  2048 1991 434 0 0 409.611 2.08172 60.0057 18.4242 318.011 21.043
1.7185 14.5885 1.54424 4.79324 1.24235 1.48637 0.92465 1.89032 -0.495376 8.21619 2.38166 2.88705 4.53627 1.70757 0.113041 0.392468  2048 2048 433 0 0 241.785 1.14409 59.9996 11.276 0.0771484 0.242188
1.89093 14.5885 1.85797 4.79324 1.24235 1.7 0.92465 1.89032 -0.495376 8.21619 2.38166 2.88705 4.53627 1.50786 0.113041 0.0783105  2048 2043 434 0 0 409.611 1.40674 59.9996 11.5869 0.0708008 0.446289
1.7185 14.5885 1.54424 4.79324 1.5949 1.48637 0.92465 1.89032 -0.495376 8.21619 2.38166 4.53627 14.3236 1.70757 0.189703 0.392468  2048 2023 435 0 0 409.611 1.68133 59.9996 14.3748 1.08496 2.50049
1.7185 14.5885 1.54424 4.79324 1.5949 1.48637 0.92465 1.89032 -0.415815 8.26167 2.38166 2.88705 4.53627 0.436354 0.374218 0.392468  2048 2039 435 0 0 409.611 1.40898 59.9995 11.7133 0.0341797 0.23877
1.7185 14.5885 1.54424 11.4548 1.24235 1.7 0.92465 1.89032 -0.495376 8.21619 2.38166 2.88705 4.53627 1.70757 0.374218 0.0783105  2048 2048 436 0 0 243.751 1.33158 59.9997 14.3499 39.1958 20.9048
1.7185 14.5885 1.54424 4.79324 1.5949 1.48637 0.92465 1.89032 -0.495376 8.21619 2.38166 2.88705 4.53627 1.50786 0.113041 0.392468  2048 2048 434 0 0 241.885 1.12591 59.9996 11.3064 0.0751953 0.242676
1.7185 14.5885 1.54424 4.79324 1.11435 1.59252 0.191351 3.73089 -0.495376 8.21619 2.38166 2.88705 4.53627 1.70757 0.113041 0.392468  2048 2047 433 0 0 409.611 1.35739 59.9995 10.5938 0.693359 0.371582
1.7185 14.5885 1.54424 4.79324 1.11435 1.7 0.92465 3.73089 -0.495376 8.21619 2.38166 2.88705 4.53627 1.70757 0.137089 0.392468  2048 2048 433 0 0 240.802 1.09547 59.9995 10.7679 0.101074 0.226563
1.7185 14.5885 1.54424 4.79324 1.24235 1.59252 0.92465 1.89032 -0.495376 8.21619 2.38166 2.88705 4.53627 1.70757 0.514237 0.0783105  2048 2046 434 0 0 409.611 1.44764 59.9995 11.3206 0.0683594 0.202637
1.7185 14.5885 1.54424 4.79324 1.24235 1.59252 0.92465 1.89032 -0.495376 8.21619 2.38166 2.88705 4.53627 1.70757 0.137089 0.392468  2048 2048 433 0 0 241.785 1.12317 59.9996 11.2596 0.0834961 0.236816
1.7185 14.5885 1.54424 4.79324 0.458754 1.7 0.92465 3.73089 -0.495376 8.21619 2.38166 2.88705 4.53627 1.70757 1.51408 0.392468  2048 2048 433 0 0 240.502 1.0824 59.9995 10.5736 0.303711 0.1875
1.7185 14.5885 1.54424 4.79324 1.11435 1.59252 0.92465 1.89032 -0.495376 8.21619 2.38166 2.88705 4.53627 1.70757 0.113041 0.392468  2048 2048 433 0 0 241.785 1.11861 59.9996 11.2752 0.0791016 0.230957
1.7185 14.5885 1.54424 4.79324 1.11435 1.59252 0.92465 1.89032 -0.495376 8.21619 2.38166 2.88705 4.53627 1.70757 0.137089 0.392468  2048 2046 433 0 0 409.611 1.44733 59.9995 11.2606 0.0810547 0.231445
1.7185 14.5885 1.54424 4.79324 1.5949 1.48637 0.92465 1.89032 -0.495376 8.21619 2.38166 2.88705 4.53627 1.70757 0.189703 0.0783105  2048 2046 434 0 0 409.611 1.40542 59.9996 11.3587 0.0498047 0.217773
1.7185 14.5885 1.54424 4.79324 1.24235 1.7 0.92465 1.89032 -0.495376 8.21619 2.38166 2.88705 4.53627 1.70757 0.189703 0.0783105  2048 2046 434 0 0 409.611 1.38186 59.9995 11.3641 0.078125 0.217773
1.7185 14.5885 1.54424 4.79324 1.5949 1.48637 0.92465 3.73089 -0.495376 8.21619 2.38166 2.88705 4.53627 1.70757 0.374218 0.0783105  2048 2048 434 0 0 240.952 1.11098 59.9995 10.868 0.0654297 0.217285
1.7185 14.5885 1.54424 4.79324 0.219977 1.48637 0.92465 1.89032 -0.495376 8.21619 2.38166 2.88705 4.53627 1.70757 0.137089 0.392468  2048 2048 433 0 0 382.451 1.40292 60.0051 11.6133 0.305176 0.195801
1.7185 14.5885 1.54424 4.79324 1.24235 1.7 0.92465 3.73089 -0.495376 8.21619 2.38166 4.53627 6.33564 1.70757 0.189703 0.0783105  2048 2035 435 0 0 409.611 1.44121 59.9995 11.5921 0.0195313 0.32959
1.7185 14.5885 1.54424 4.79324 1.5949 1.48637 0.92465 1.89032 -0.495376 8.21619 2.38166 2.88705 12.3612 1.70757 0.374218 0.0783105  2048 2036 433 0 0 409.611 1.46614 59.9995 12.0939 0.161133 1.18066
1.7185 14.5885 1.54424 4.79324 1.24235 1.59252 0.92465 1.89032 -0.495376 8.21619 2.38166 0.700095 4.53627 1.70757 0.189703 0.392468  2048 2048 430 0 0 239.986 1.08444 59.9995 10.6585 0.458008 0.313965
1.7185 14.5885 1.54424 4.79324 1.11545 1.48637 0.92465 1.89032 -0.495376 8.21619 2.38166 2.88705 4.53627 1.70757 0.137089 0.392468  2048 2048 433 0 0 241.785 1.14427 59.9996 11.2821 0.106445 0.226074
1.7185 14.5885 1.54424 4.79324 1.11435 1.7 0.92465 1.89032 -0.495376 8.21619 2.38166 2.88705 4.53627 1.70757 0.113041 0.0783105  2048 2046 434 0 0 409.611 1.39848 59.9996 11.3997 0.074707 0.208984
1.7185 14.5885 1.54424 4.79324 1.11435 1.48637 0.92465 1.89032 -0.495376 8.21619 2.38166 2.88705 4.53627 1.70757 0.113041 0.392468  2048 2048 433 0 0 241.385 1.10956 59.9995 11.2915 0.0839844 0.226074
1.7185 14.5885 4.79324 10.6131 1.24235 1.7 0.92465 1.89032 0.927763 8.21619 2.38166 2.88705 4.53627 1.70757 0.514237 0.0783105  2048 2048 446 0 0 245.234 1.31689 59.9998 14.4903 14.9053 11.1948
1.7185 14.5885 1.54424 4.79324 1.5949 1.48637 0.92465 3.73089 -0.495376 8.21619 2.38166 2.88705 4.53627 1.70757 0.113041 0.0783105  2048 2046 434 0 0 409.611 1.43864 59.9995 10.8967 0.0556641 0.214844
0.940275 14.5885 1.54424 4.79324 1.5949 1.48637 0.29194 1.89032 -0.495376 8.21619 2.38166 2.88705 4.53627 1.70757 0.374218 0.0783105  2048 2046 431 0 0 409.611 1.38484 59.9995 11.0299 24.3789 0.0678711
1.7185 3.46141 1.54424 4.79324 1.24235 1.7 0.92465 1.89032 -0.495376 8.21619 14.5201 2.88705 4.53627 1.70757 0.374218 0.0783105  2048 1555 448 0 0 409.611 6.49216 59.9999 47.1311 2087.32 54.77
1.7185 14.5885 1.54424 4.79324 1.24235 1.48637 0.92465 1.89032 -0.495376 8.21619 2.38166 2.88705 4.53627 1.70757 0.514237 0.392468  2048 2048 433 0 0 241.069 1.10044 59.9995 11.1957 0.0888672 0.212891
1.7185 14.5885 1.54424 4.79324 1.24235 1.48637 0.92465 1.89032 -0.495376 8.21619 2.38166 2.88705 4.53627 1.70757 0.514237 0.0783105  2048 2046 434 0 0 409.611 1.46896 59.9995 11.3387 0.0786133 0.200684
1.7185 14.5885 1.54424 4.79324 1.5949 1.48637 0.92465 5.85376 -0.495376 8.21619 2.38166 2.88705 4.53627 1.70757 0.374218 0.392468  2048 2048 433 0 0 240.285 1.08078 59.9995 10.3037 0.202637 0.259277
1.7185 14.5885 1.54424 4.79324 1.24235 1.48637 0.92465 1.89032 -0.495376 8.21619 2.38166 2.88705 4.53627 1.70757 0.374218 0.0783105  2048 2046 434 0 0 409.611 1.41483 59.9995 11.3619 0.0742188 0.193848
0.796228 14.5885 1.54424 4.79324 1.24235 1.7 0.92465 1.89032 -0.117435 8.21619 2.38166 2.88705 4.53627 1.70757 0.374218 0.0783105  2048 2048 431 0 0 241.302 1.12361 59.9995 11.3421 20.8076 0.0541992
1.7185 14.5885 1.54424 4.79324 1.24235 1.7 0.92465 1.89032 -0.495376 8.21619 2.38166 2.88705 4.53627 1.50786 0.113041 0.0783105  2048 2045 434 0 0 409.611 1.46417 59.9995 11.4216 0.0708008 0.209473
1.7185 14.5885 1.54424 4.79324 1.24235 1.59252 1.54173 1.89032 -0.495376 8.21619 2.38166 2.88705 4.53627 1.70757 0.189703 0.392468  2048 2048 433 0 0 241.069 1.12371 59.9995 11.345 0.148438 0.330078
1.7185 14.5885 1.54424 4.79324 1.24235 1.7 0.92465 1.89032 -0.495376 8.21619 2.38166 2.88705 4.53627 1.70757 0.878262 0.392468  2048 2048 433 0 0 240.802 1.10868 59.9995 11.1362 0.0966797 0.216797
1.7185 14.5885 1.54424 4.79324 1.24235 1.7 0.92465 1.89032 -0.495376 8.21619 2.38166 4.53627 5.22965 1.78491 0.374218 0.0783105  2048 2040 436 0 0 409.611 1.46663 59.9996 12.1874 0.0371094 0.27002
1.7185 14.5885 1.54424 2.38594 1.24235 1.59252 0.92465 1.89032 -0.495376 8.21619 2.38166 2.88705 4.53627 1.17612 0.113041 0.392468  2048 1964 434 0 0 409.611 2.68153 60.0049 25.4763 558.474 34.4541
1.7185 14.5885 1.54424 4.79324 1.24235 1.7 0.92465 1.89032 -0.495376 4.59853 2.38166 2.88705 4.53627 1.70757 1.0499 0.0783105  2048 2048 433 0 0 239.636 1.07847 59.9994 10.3745 0.322754 0.459473
1.7185 14.5885 4.79324 7.85852 1.5949 1.48637 0.92465 1.89032 -0.495376 8.21619 2.38166 2.88705 4.53627 1.70757 0.137089 0.392468  2048 2048 434 0 0 240.919 1.10831 59.9995 11.1395 0.502441 1.09082
1.7185 14.5885 1.54424 4.79324 1.5949 1.7 0.92465 3.73089 -0.495376 8.21619 2.38166 2.88705 4.53627 1.70757 0.137089 0.392468  2048 2048 433 0 0 240.802 1.10974 59.9995 10.7764 0.0996094 0.256836
1.7185 14.5885 1.54424 4.79324 1.24235 1.59252 0.92465 1.89032 -0.495376 8.21619 2.38166 2.88705 4.53627 1.70757 0.514237 0.392468  2048 2048 433 0 0 240.952 1.13628 59.9995 11.184 0.0908203 0.213867
1.7185 14.5885 1.54424 4.79324 1.24235 1.7 0.92465 1.89032 -0.495376 8.21619 2.38166 2.88705 4.53627 1.50786 0.374218 0.0783105  2048 2045 434 0 0 409.611 1.39975 59.9995 11.3685 0.0615234 0.207031
1.7185 14.5885 1.54424 4.79324 1.11435 1.7 0.92465 3.73089 -0.495376 8.21619 2.38166 2.88705 4.53627 1.70757 0.189703 0.392468  2048 2048 433 0 0 240.802 1.09127 59.9995 10.7597 0.0878906 0.224121
1.7185 14.5885 1.54424 4.79324 1.24235 1.7 0.92465 3.73089 -0.495376 4.23017 2.38166 2.88705 4.53627 1.50786 0.113041 0.392468  2048 2048 434 0 0 239.536 1.07436 59.9994 10.0827 0.445313 0.641602
1.7185 14.5885 1.54424 4.79324 1.11435 1.7 0.92465 3.73089 -0.495376 8.21619 2.38166 2.88705 4.53627 1.70757 0.374218 0.0783105  2048 2048 434 0 0 241.085 1.13926 59.9995 10.8606 0.0605469 0.189453
1.7185 14.5885 4.78896 4.79324 1.5949 1.48637 0.92465 3.73089 -0.495376 8.21619 2.38166 2.88705 4.53627 1.70757 0.137089 0.392468  2048 2010 433 0 0 409.611 2.09726 60.0056 21.9449 318.604 18.9438
1.7185 14.5885 1.54424 4.79324 1.11435 1.7 0.92465 3.73089 -0.495376 8.21619 2.38166 2.88705 4.53627 1.50786 0.113041 0.392468  2048 2048 434 0 0 241.285 1.09842 59.9995 10.83 0.0839844 0.215332
1.7185 14.5885 0.761132 1.54424 1.24235 1.7 0.92465 1.89032 -0.495376 8.21619 2.38166 2.88705 4.53627 1.70757 0.514237 0.0783105  2048 1962 434 0 0 409.611 2.66036 60.0057 26.1653 556.788 34.7642
1.7185 14.5885 1.54424 4.79324 0.80636 1.7 0.92465 1.89032 -0.495376 8.21619 2.38166 2.88705 4.53627 1.70757 0.374218 0.0783105  2048 2046 434 0 0 409.611 1.46962 59.9995 11.3864 0.0595703 0.180176
1.7185 14.5885 1.54424 4.79324 1.11435 1.59252 0.92465 3.73089 -0.495376 8.21619 14.2943 2.88705 4.53627 1.70757 0.113041 0.392468  2048 1143 444 0 0 409.611 9.1782 60.0046 39.0432 1702.47 44.7231
1.7185 14.5885 1.54424 4.79324 1.5949 1.48637 0.92465 1.89032 -0.495376 8.21619 2.38166 2.88705 4.53627 1.70757 0.137089 0.0783105  2048 2046 434 0 0 409.611 1.39054 59.9996 11.3681 0.0595703 0.224609
