200 2
2.1128 6.70492 1.1127 2.4189 1.65392 1.07877 1.57762 3.22672 -0.278253 6.12018 2.01361 10.2963 11.2076 1.27531 0.0621357 1.58251  2048 2048 435 0 0 240.802 1.1767 59.9995 10.9956 0.0947266 0.266602
2.1128 6.70492 1.1127 2.4189 1.65392 1.07877 1.91821 8.17408 -0.278253 3.6082 2.01361 11.2076 12.4204 1.27531 0.0621357 1.17124  2048 2048 436 0 0 240.285 1.03898 59.9995 10.4048 0.0693359 0.41748
2.1128 6.70492 1.1127 2.4189 1.65392 1.07877 1.91821 8.17408 -0.278253 3.6082 2.01361 10.2963 11.2076 1.27531 0.0621357 1.17124  2048 2048 436 0 0 240.285 1.03062 59.9995 10.2705 0.0761719 0.432129
2.1128 6.70492 1.1127 3.17087 1.65392 0.0383923 1.57762 3.22672 -0.278253 3.6082 2.01361 11.2076 12.4204 1.27531 0.0621357 0.8146  2048 2048 435 0 0 240.285 1.07355 59.9995 10.5777 0.0732422 0.429688
2.1128 6.70492 1.1127 2.4189 1.65392 1.07877 1.57762 8.85403 -0.278253 3.6082 2.01361 11.2076 12.4204 0.753136 0.0621357 1.34758  2048 2048 435 0 0 239.769 1.03201 59.9994 10.0793 0.0888672 0.417969
2.1128 6.70492 1.1127 2.4189 1.65392 1.07877 1.91821 9.10825 -0.278253 3.6082 2.01361 11.2076 12.4204 1.27531 0.0621357 1.34758  2048 2048 436 0 0 240.285 1.04308 59.9995 10.4001 0.0791016 0.430176
2.1128 6.70492 1.1127 2.4189 1.65392 1.07877 1.91821 8.17408 -0.278253 3.6082 2.01361 11.2076 12.4204 1.27531 0.0621357 1.34758  2048 2048 436 0 0 240.502 1.03258 59.9995 10.4438 0.0800781 0.427246
2.1128 6.70492 1.1127 2.4189 1.65392 1.07877 1.57762 8.17408 -0.278253 3.6082 2.01361 11.2076 12.4204 1.27531 0.0621357 1.17124  2048 2048 435 0 0 240.285 1.08227 59.9995 10.3855 0.0932617 0.407715
2.1128 6.70492 1.1127 2.4189 1.65392 1.07877 1.91821 4.91775 -0.278253 3.6082 2.01361 11.2076 12.4204 1.27531 0.0621357 1.17124  2048 2048 436 0 0 240.502 1.05086 59.9995 10.5999 0.0878906 0.422363
2.1128 6.70492 1.1127 2.4189 1.65392 1.50548 1.91821 4.91775 -0.278253 3.6082 2.01361 11.2076 12.4204 1.27531 0.0621357 0.359203  2048 2048 436 0 0 240.285 1.08471 59.9995 10.3581 0.0839844 0.448242
2.1128 6.70492 1.1127 2.4189 1.65392 1.07877 1.82446 7.97723 -0.278253 3.6082 2.01361 11.2076 12.4204 1.27531 0.0621357 1.34758  2048 2048 435 0 0 240.285 1.12862 59.9995 10.4476 0.0947266 0.416992
2.1128 6.70492 1.1127 2.4189 1.65392 1.07877 1.91821 9.10825 -0.278253 3.6082 2.01361 10.2963 11.2076 1.27531 0.0621357 1.34758  2048 2048 436 0 0 240.285 1.10395 59.9995 10.2556 0.0917969 0.437012
2.1128 5.0441 1.1127 2.4189 1.65392 1.50548 1.91821 4.91775 -0.278253 3.6082 2.01361 11.2076 12.4204 1.27531 0.0621357 0.359203  2048 2048 435 0 0 239.919 1.24267 59.9995 10.3524 0.138184 0.318848
2.1128 5.0441 1.1127 2.4189 1.65392 1.72619 1.91821 4.91775 -0.278253 3.6082 2.01361 11.2076 12.4204 1.27531 0.0621357 0.359203  2048 2048 435 0 0 239.919 1.03731 59.9995 10.358 0.133789 0.334961
2.1128 6.70492 1.1127 2.4189 1.65392 1.51622 1.57762 7.14194 -0.278253 3.6082 2.01361 10.2963 11.2076 1.27531 0.0621357 1.18082  2048 2048 436 0 0 240.285 1.03003 59.9995 10.3181 0.09375 0.45459
2.1128 6.70492 1.1127 2.4189 1.65392 1.07877 1.57762 7.97723 -0.278253 3.6082 2.01361 11.2076 12.4204 1.27531 0.0621357 1.17124  2048 2048 435 0 0 240.285 1.14218 59.9995 10.3953 0.111328 0.413086
2.1128 6.70492 1.1127 3.17087 1.65392 0.394604 1.57762 8.17408 -0.278253 3.6082 2.01361 10.2963 11.2076 1.27531 0.0621357 1.17124  2048 2048 435 0 0 239.919 1.12019 59.9995 10.251 0.0791016 0.503906
2.1128 6.70492 1.1127 3.17087 1.16477 0.394604 1.57762 7.14194 -0.278253 3.6082 2.01361 10.2963 11.2076 1.27531 0.0621357 1.34758  2048 2048 435 0 0 239.986 1.03446 59.9995 10.3149 0.0961914 0.46582
2.1128 6.70492 1.1127 3.17087 1.65392 0.394604 1.57762 3.22672 -0.278253 3.6082 2.01361 11.2076 12.4204 1.27531 0.0621357 1.34758  2048 2048 435 0 0 240.502 1.10203 59.9995 10.7719 0.0795898 0.487305
2.1128 6.06342 1.1127 2.4189 1.65392 0.394604 1.91821 4.91775 -0.278253 3.6082 2.01361 11.2076 12.4204 1.27531 0.0621357 0.8146  2048 2048 434 0 0 240.285 1.08984 59.9995 10.4459 0.139648 0.355469
2.1128 6.70492 1.1127 3.17087 1.65392 0.394604 1.57762 8.17408 -0.278253 3.6082 2.01361 10.2963 19.143 1.27531 1.60002 1.34758  2048 2048 435 0 0 255.932 1.6478 60.0004 20.6815 50.2529 21.6694
2.1128 6.70492 1.1127 2.4189 1.65392 0.394604 1.91821 4.91775 -0.278253 3.6082 2.01361 11.2076 12.4204 1.27531 0.0621357 0.8146  2048 2048 435 0 0 240.285 1.05041 59.9995 10.4476 0.109375 0.399902
2.1128 6.70492 1.1127 2.4189 1.65392 1.07877 1.57762 4.91775 -0.278253 3.6082 2.01361 11.2076 12.4204 1.27531 0.0621357 1.17124  2048 2048 435 0 0 240.285 1.13879 59.9995 10.5776 0.106445 0.41748
2.1128 6.70492 1.1127 2.4189 1.65392 1.07877 1.82446 9.10825 -0.278253 3.6082 2.01361 11.2076 12.4204 1.27531 0.0621357 1.34758  2048 2048 435 0 0 240.285 1.0665 59.9995 10.3926 0.0957031 0.424316
2.1128 6.70492 1.1127 2.4189 1.65392 0.394604 1.57762 7.14194 -0.278253 3.6082 2.01361 11.2076 12.4204 1.27531 0.0621357 1.34758  2048 2048 435 0 0 240.285 1.10099 59.9995 10.4594 0.146484 0.404297
2.1128 6.70492 1.1127 3.17087 0.509903 1.50548 1.91821 3.22672 -0.278253 3.6082 2.01361 11.2076 12.4204 1.27531 0.0621357 0.359203  2048 2048 435 0 0 239.986 1.05261 59.9995 10.4907 0.126953 0.630859
2.1128 6.70492 1.1127 2.4189 1.65392 1.72619 1.57762 3.22672 -0.278253 3.6082 2.01361 11.2076 12.4204 1.27531 0.0621357 0.359203  2048 2048 436 0 0 240.285 1.04501 59.9995 10.469 0.103516 0.441895
2.1128 6.70492 1.1127 3.17087 1.65392 0.394604 1.57762 4.91775 -0.278253 3.6082 2.01361 11.2076 12.4204 1.27531 0.0621357 1.17124  2048 2048 435 0 0 240.285 1.07346 59.9995 10.5755 0.0761719 0.472656
2.1128 5.0441 1.1127 2.4189 1.65392 1.72619 1.91821 7.97723 -0.278253 3.6082 2.01361 11.2076 12.4204 1.27531 0.0621357 1.34758  2048 2048 435 0 0 240.285 1.04137 59.9995 10.4688 0.161621 0.338867
2.1128 6.70492 1.1127 3.17087 1.65392 0.394604 1.57762 8.17408 -0.278253 3.6082 2.01361 11.2076 12.4204 1.27531 0.0621357 1.17124  2048 2048 435 0 0 240.285 1.1195 59.9995 10.3814 0.0712891 0.455566
2.1128 6.70492 1.1127 2.4189 1.65392 1.07877 1.91821 4.91775 -0.278253 3.6082 2.01361 11.2076 12.4204 1.27531 0.0621357 0.8146  2048 2048 436 0 0 240.285 1.02834 59.9995 10.4802 0.0869141 0.404297
2.1128 6.70492 1.1127 2.4189 1.65392 1.07877 1.57762 9.10825 -0.278253 3.6082 2.01361 10.2963 11.2076 1.27531 0.0621357 1.34758  2048 2048 435 0 0 239.919 1.10462 59.9995 10.2406 0.0966797 0.433594
2.1128 6.70492 1.1127 2.4189 1.65392 1.07877 0.0487686 8.85403 -0.278253 6.12018 2.01361 10.2963 11.2076 0.753136 0.0621357 1.58251  2048 2048 435 0 0 240.802 1.03666 59.9995 10.2589 0.160156 0.324707
2.1128 6.70492 1.1127 2.4189 1.65392 1.07877 1.91821 9.10825 -0.278253 3.6082 2.01361 4.71267 12.4204 1.27531 0.0621357 0.21485  2048 2048 436 0 0 240.802 1.04157 59.9995 10.731 0.244629 3.03467
2.1128 6.70492 1.1127 3.17087 1.65392 1.07877 1.91821 4.91775 -0.278253 3.6082 2.01361 11.2076 12.4204 1.27531 0.0621357 0.8146  2048 2048 435 0 0 240.285 1.04632 59.9995 10.5188 0.111328 0.633301
2.1128 6.70492 1.1127 3.17087 1.16477 0.394604 1.57762 8.17408 -0.278253 3.6082 2.01361 10.2963 11.2076 1.27531 0.0621357 1.17124  2048 2048 435 0 0 239.919 1.06377 59.9995 10.2359 0.106934 0.467773
2.1128 6.70492 1.1127 3.17087 1.65392 1.72619 1.91821 4.91775 -0.278253 3.6082 2.01361 10.2963 11.2076 1.27531 0.0621357 1.17124  2048 2048 435 0 0 240.285 1.03751 59.9995 10.5311 0.125 0.862793
2.1128 6.70492 1.1127 2.4189 1.65392 0.394604 1.57762 8.17408 -0.278253 3.6082 2.01361 10.2963 11.2076 1.27531 0.0621357 1.00479  2048 2048 435 0 0 239.786 1.03681 59.9994 10.198 0.132324 0.416504
2.1128 6.70492 1.1127 2.4189 1.65392 1.07877 1.57762 9.10825 -0.278253 3.6082 2.01361 11.2076 12.4204 1.27531 0.0621357 1.34758  2048 2048 435 0 0 240.285 1.04207 59.9995 10.3793 0.10498 0.431641
2.1128 6.70492 1.1127 2.4189 1.65392 1.50548 1.91821 4.91775 -0.278253 3.6082 2.01361 11.2076 12.4204 1.27531 0.0621357 1.54326  2048 2048 436 0 0 240.502 1.07944 59.9995 10.7121 0.100586 0.488281
2.1128 5.0441 1.1127 2.4189 1.65392 1.72619 1.57762 8.17408 -0.278253 3.6082 2.01361 11.2076 12.4204 1.27531 0.0621357 1.17124  2048 2048 435 0 0 240.285 1.06088 59.9995 10.3981 0.191895 0.317383
2.1128 6.70492 1.1127 2.4189 1.65392 0.394604 1.57762 9.10825 -0.278253 9.46226 2.01361 11.2076 12.4204 1.27531 0.0621357 1.34758  2048 1894 435 0 0 409.611 3.43934 60.0057 33.9848 967.885 59.7046
2.1128 6.70492 1.1127 2.4189 1.65392 1.07877 1.91821 8.17408 -0.278253 3.6082 2.01361 11.2076 12.4204 1.27531 0.0621357 0.359203  2048 2048 436 0 0 239.986 1.03335 59.9995 10.1913 0.0927734 0.4375
2.1128 6.70492 1.1127 2.4189 1.65392 1.07877 1.91821 4.91775 -0.278253 3.6082 2.01361 11.2076 12.4204 1.27531 0.0621357 0.359203  2048 2048 436 0 0 240.285 1.05667 59.9995 10.3421 0.12207 0.42041
2.1128 6.70492 1.1127 2.4189 1.65392 1.07877 1.91821 4.91775 0.477905 3.6082 2.01361 11.2076 12.4204 1.27531 0.0621357 1.17124  2048 2048 456 0 0 244.151 1.16661 59.9997 13.0815 1.55127 2.40723
2.1128 6.70492 1.1127 2.4189 1.16477 0.394604 1.57762 7.14194 -0.278253 3.6082 2.01361 10.2963 11.2076 1.27531 0.0621357 1.17124  2048 2048 435 0 0 239.919 1.03826 59.9995 10.2667 0.234375 0.420898
2.1128 6.70492 1.1127 2.4189 1.65392 1.50548 1.91821 9.10825 -0.278253 3.6082 2.01361 10.2963 11.2076 1.27531 0.0621357 0.359203  2048 2048 436 0 0 239.919 1.04133 59.9995 10.0858 0.097168 0.48584
2.1128 6.06342 1.1127 2.4189 1.65392 1.84643 1.91821 4.91775 -0.278253 3.6082 2.01361 11.2076 12.4204 1.27531 0.0621357 0.8146  2048 2048 435 0 0 240.285 1.06835 59.9995 10.505 0.103516 0.431641
2.1128 6.70492 1.1127 3.17087 1.65392 0.394604 1.82446 8.17408 -0.278253 3.6082 2.01361 11.2076 12.4204 1.27531 0.0621357 1.34758  2048 2048 435 0 0 240.285 1.0406 59.9995 10.4317 0.0620117 0.455566
2.1128 5.0441 1.1127 2.4189 1.65392 1.07877 1.91821 4.91775 -0.278253 3.6082 2.01361 11.2076 12.4204 1.27531 0.0621357 1.17124  2048 2048 435 0 0 240.285 1.125 59.9995 10.5927 0.169922 0.293945
2.1128 6.70492 1.1127 2.4189 1.65392 1.51622 1.57762 7.14194 -0.278253 3.6082 2.01361 11.2076 12.4204 1.27531 0.0621357 0.359203  2048 2048 436 0 0 239.986 1.04562 59.9995 10.23 0.108398 0.429688
2.1128 6.70492 1.1127 3.17087 1.65392 0.0383923 1.57762 8.17408 -0.278253 3.6082 2.01361 11.2076 12.4204 1.27531 0.0621357 0.8146  2048 2048 435 0 0 239.986 1.08353 59.9995 10.2706 0.0664063 0.411133
2.1128 6.70492 1.1127 2.4189 1.65392 1.07877 1.91821 8.17408 -0.278253 2.14118 2.01361 11.2076 12.4204 1.27531 0.0621357 0.8146  2048 2048 431 0 0 239.536 1.02379 59.9994 10.3058 0.0771484 8.68652
2.1128 6.70492 1.1127 2.4189 1.65392 1.07877 1.91821 8.17408 -0.278253 3.6082 2.01361 11.2076 12.4204 1.27531 0.0621357 1.58251  2048 2048 436 0 0 240.502 1.04601 59.9995 10.4899 0.0888672 0.451172
6.30726 6.70492 1.1127 3.17087 1.65392 0.0383923 1.57762 3.22672 -0.278253 3.6082 2.01361 11.2076 12.4204 1.27531 0.0621357 1.34758  2048 2048 1091 818 0 384.85 2.81898 60.0052 38.9261 21.7798 478.097
2.1128 6.70492 1.1127 2.4189 1.65392 1.07877 1.57762 3.22672 -0.278253 3.6082 2.01361 11.2076 12.4204 1.27531 0.0621357 1.17124  2048 2048 435 0 0 240.502 1.08308 59.9995 10.7256 0.117676 0.412598
2.1128 5.0441 1.1127 7.17368 1.65392 1.51622 1.57762 7.14194 -0.278253 3.6082 2.01361 11.2076 12.4204 1.27531 0.0621357 0.359203  2048 2048 435 0 0 241.785 1.14863 59.9996 12.2193 15.998 17.1802
2.1128 6.70492 1.1127 2.4189 1.65392 0.394604 1.91821 4.91775 -0.278253 3.6082 2.01361 11.2076 12.4204 1.27531 0.0621357 0.359203  2048 2048 435 0 0 239.786 1.03378 59.9994 10.312 0.113281 0.418457
2.1128 6.70492 1.1127 2.4189 1.65392 1.07877 1.57762 3.22672 -0.278253 3.6082 2.01361 10.2963 11.2076 1.27531 0.0621357 1.58251  2048 2048 435 0 0 240.285 1.03818 59.9995 10.6376 0.144043 0.47168
2.1128 6.70492 1.1127 2.4189 1.65392 0.698752 1.57762 3.22672 -0.278253 6.12018 2.01361 11.2076 16.2163 1.27531 0.0621357 1.58251  2048 2048 435 0 0 244.251 1.33569 59.9997 13.7309 2.146 1.34375
2.1128 6.70492 1.1127 2.4189 1.65392 1.07877 1.91821 9.10825 -0.278253 3.6082 2.01361 11.2076 12.4204 1.27531 0.0621357 1.17124  2048 2048 436 0 0 240.285 1.05744 59.9995 10.3611 0.0771484 0.425781
2.1128 6.70492 1.1127 2.4189 1.65392 1.07877 1.57762 3.22672 -0.278253 6.12018 2.01361 11.2076 12.4204 1.27531 0.0621357 1.58251  2048 2048 435 0 0 241.069 1.09047 59.9995 11.2244 0.0498047 0.240234
2.1128 6.06342 1.1127 2.4189 1.65392 1.72118 1.91821 4.91775 -0.278253 3.6082 2.01361 11.2076 12.4204 1.27531 0.0621357 1.34758  2048 2048 435 0 0 240.502 1.04384 59.9995 10.6684 0.113281 0.426758
2.1128 6.70492 1.1127 2.4189 1.65392 1.07877 1.57762 8.85403 -0.278253 3.6082 2.01361 11.2076 12.4204 1.2219 0.0621357 1.34758  2048 2048 435 0 0 240.285 1.0621 59.9995 10.3634 0.0996094 0.412109
2.1128 6.70492 1.1127 2.4189 1.65392 1.07877 1.57762 7.97723 -0.278253 3.6082 2.01361 11.2076 12.4204 1.19895 0.0621357 1.18082  2048 2048 435 0 0 240.285 1.03023 59.9995 10.357 0.0976563 0.403809
2.1128 6.70492 1.1127 2.4189 1.65392 1.07877 1.91821 9.10825 -0.278253 3.6082 2.01361 10.2963 11.2076 1.27531 0.0621357 0.8146  2048 2048 436 0 0 240.285 1.01827 59.9995 10.1494 0.0810547 0.440918
2.1128 6.70492 1.1127 2.4189 1.65392 1.24924 1.91821 8.17408 -0.278253 3.6082 2.01361 11.2076 12.4204 1.27531 1.08145 1.34758  2048 2048 436 0 0 241.069 1.05875 59.9995 11.013 0.151367 0.752441
2.1128 6.70492 1.1127 2.4189 1.65392 1.07877 1.82446 4.91775 -0.278253 3.6082 2.01361 11.2076 12.4204 1.27531 0.0621357 1.34758  2048 2048 435 0 0 240.285 1.07585 59.9995 10.6407 0.0952148 0.430176
2.1128 6.70492 1.1127 3.17087 1.65392 1.07877 1.82446 7.97723 -0.278253 3.6082 2.01361 11.2076 12.4204 1.27531 0.0621357 0.8146  2048 2048 435 0 0 240.285 1.04398 59.9995 10.3365 0.0830078 0.588867
2.1128 6.70492 1.1127 3.17087 0.156987 0.394604 1.57762 3.22672 -0.278253 3.6082 2.01361 11.2076 12.4204 1.27531 0.0621357 1.34758  2048 2048 435 0 0 240.502 1.05214 59.9995 10.7017 0.421387 0.460449
2.1128 6.70492 1.1127 3.17087 1.65392 1.50548 1.91821 4.91775 -0.278253 3.6082 2.01361 11.2076 12.4204 1.37449 0.0621357 1.17124  2048 2048 435 0 0 240.502 1.05837 59.9995 10.7199 0.106934 0.804688
2.1128 6.70492 1.1127 2.4189 1.65392 1.07877 1.57762 8.17408 -0.278253 3.6082 2.01361 11.2076 12.4204 1.27531 0.0621357 1.34758  2048 2048 435 0 0 240.285 1.07704 59.9995 10.424 0.0898438 0.415527
2.1128 5.0441 1.1127 2.4189 1.65392 1.50548 1.91821 4.91775 -0.278253 3.6082 2.01361 11.2076 12.4204 1.27531 0.0621357 1.19425  2048 2048 435 0 0 240.285 1.0729 59.9995 10.615 0.155762 0.319336
2.1128 6.70492 1.1127 2.4189 1.65392 1.50548 1.91821 4.91775 -0.278253 3.6082 2.01361 11.2076 12.4204 1.27531 0.0621357 1.34758  2048 2048 436 0 0 240.502 1.03642 59.9995 10.6644 0.0898438 0.464355
2.1128 6.70492 1.1127 2.4189 1.65392 1.07877 1.57762 8.17408 -0.278253 3.6082 2.01361 11.2076 12.4204 1.01138 0.0621357 1.17124  2048 2048 435 0 0 239.919 1.03745 59.9995 10.2373 0.104492 0.404785
2.1128 6.70492 1.1127 2.4189 1.65392 1.51622 1.57762 7.14194 -0.278253 3.6082 2.01361 11.2076 12.4204 1.27531 0.0621357 1.17124  2048 2048 436 0 0 240.502 1.06851 59.9995 10.4519 0.0957031 0.429688
2.1128 6.70492 1.1127 2.4189 1.65392 0.394604 1.91821 9.10825 -0.278253 3.6082 2.01361 11.2076 12.4204 1.27531 0.0621357 0.8146  2048 2048 435 0 0 239.919 1.0273 59.9995 10.2308 0.103027 0.38916
2.1128 6.70492 1.1127 2.4189 1.65392 1.07877 1.57762 8.85403 -0.278253 3.6082 2.01361 11.2076 12.4204 1.27531 0.0621357 1.17124  2048 2048 435 0 0 240.285 1.03533 59.9995 10.354 0.100098 0.414551
2.1128 6.70492 1.1127 3.17087 1.65392 0.0383923 1.57762 3.22672 -0.278253 6.12018 2.01361 10.2963 11.2076 1.27531 0.0621357 0.8146  2048 2048 435 0 0 240.802 1.08322 59.9995 10.8012 0.0429688 0.259766
2.1128 6.70492 1.1127 2.4189 1.65392 1.50548 1.91821 4.91775 -0.278253 3.6082 2.01361 11.2076 12.4204 1.27531 0.0621357 1.17124  2048 2048 436 0 0 240.502 1.0695 59.9995 10.6161 0.0898438 0.44043
2.1128 6.70492 1.1127 2.4189 1.65392 1.07877 1.57762 7.14194 -0.278253 3.6082 2.01361 10.2963 11.2076 1.27531 0.0621357 1.17124  2048 2048 435 0 0 239.919 1.02959 59.9995 10.3024 0.11377 0.445313
2.1128 5.0441 1.1127 2.4189 1.65392 1.07877 1.57762 7.97723 -0.278253 3.6082 2.01361 11.2076 12.4204 1.27531 0.0621357 0.359203  2048 2048 434 0 0 239.919 1.0126 59.9995 10.1794 0.200195 0.297363
2.1128 6.70492 1.1127 3.17087 1.65392 1.07877 1.91821 8.17408 -0.278253 3.6082 2.01361 10.2963 11.2076 1.27531 0.0621357 1.17124  2048 2048 435 0 0 240.285 1.03801 59.9995 10.3063 0.09375 0.679688
2.1128 6.70492 1.1127 2.4189 1.65392 1.07877 1.57762 8.17408 -0.278253 3.6082 2.01361 11.2076 12.4204 0.753136 0.0621357 1.34758  2048 2048 435 0 0 239.769 1.05275 59.9994 10.1126 0.0878906 0.423828
4.87075 8.25343 1.1127 2.4189 1.65392 1.07877 1.57762 3.22672 -0.278253 3.6082 2.01361 10.2963 11.2076 1.27531 0.0621357 1.58251  2048 2048 823 276 0 336.929 2.82374 60.0038 40.7761 147.659 232.861
2.1128 5.0441 1.1127 2.4189 1.65392 1.50548 1.91821 4.91775 -0.278253 3.6082 2.01361 12.4204 19.7278 1.27531 0.0621357 0.359203  2048 2048 435 0 0 241.935 1.09345 59.9996 11.9411 1.40186 2.06982
2.50099 6.70492 1.1127 3.17087 1.65392 0.0383923 0.183721 3.22672 -0.278253 3.6082 7.87011 11.2076 12.4204 1.27531 0.0621357 0.8146  2048 2048 446 0 0 243.018 1.082 59.9996 11.2277 1.75049 0.0209961
2.1128 6.70492 1.1127 2.4189 1.65392 1.07877 1.57762 8.17408 -0.278253 3.6082 2.01361 11.2076 12.4204 1.27531 0.961455 1.17124  2048 2048 435 0 0 240.802 1.08555 59.9995 10.8275 0.133789 0.561523
2.1128 6.70492 1.1127 2.4189 1.65392 0.394604 0.974761 3.22672 -0.278253 3.6082 2.01361 11.2076 12.4204 1.27531 0.0621357 1.34758  2048 2048 435 0 0 240.502 1.04628 59.9995 10.7227 0.305664 0.433105
2.1128 6.70492 1.1127 2.4189 1.23698 1.07877 1.91821 4.91775 -0.278253 3.6082 2.01361 11.2076 12.4204 1.27531 0.0621357 1.17124  2048 2048 435 0 0 240.285 1.05119 59.9995 10.5896 0.107422 0.403809
2.1128 6.70492 1.1127 2.4189 1.65392 1.72619 1.91821 4.91775 -0.278253 3.6082 2.01361 10.2963 11.2076 1.27531 0.0621357 0.359203  2048 2048 436 0 0 239.986 1.0235 59.9995 10.2758 0.102539 0.51416
2.1128 6.70492 1.1127 2.4189 1.65392 0.394604 1.91821 4.91775 -0.278253 3.6082 2.01361 10.2963 11.2076 1.27531 0.0621357 1.17124  2048 2048 435 0 0 239.986 1.06385 59.9995 10.4156 0.112793 0.430664
2.1128 6.70492 1.1127 3.17087 1.65392 1.51622 1.57762 7.14194 -0.278253 3.6082 2.01361 10.2963 11.2076 1.27531 0.0621357 1.18082  2048 2048 435 0 0 240.285 1.05781 59.9995 10.3561 0.124023 0.719238
2.1128 5.0441 1.1127 2.4189 1.65392 1.50548 1.91821 7.97723 -0.278253 3.6082 2.01361 11.2076 12.4204 1.27531 0.0621357 0.359203  2048 2048 435 0 0 239.919 1.0619 59.9995 10.2098 0.150879 0.315918
2.1128 6.70492 1.1127 3.17087 1.65392 0.394604 1.91821 8.17408 -0.278253 3.6082 2.01361 11.2076 12.4204 1.27531 0.0621357 1.17124  2048 2048 435 0 0 240.285 1.03911 59.9995 10.3999 0.0664063 0.461914
2.1128 6.06342 1.1127 2.4189 1.65392 0.394604 1.91821 4.91775 -0.278253 3.6082 2.01361 11.2076 12.4204 1.27531 0.0621357 0.359203  2048 2048 434 0 0 239.986 1.07843 59.9995 10.311 0.135742 0.375488
2.1128 6.70492 1.1127 2.4189 1.65392 1.07877 1.57762 8.85403 -0.278253 3.6082 14.4737 11.2076 12.4204 0.753136 0.0621357 1.34758  2048 2047 448 0 0 409.611 1.44021 59.9997 11.8235 37.6904 0.0239258
2.1128 6.70492 1.1127 3.17087 1.65392 1.54967 1.91821 8.17408 -0.278253 3.6082 2.01361 11.2076 12.4204 1.27531 0.0621357 1.34758  2048 2048 435 0 0 240.285 1.07828 59.9995 10.5017 0.106934 0.788574
2.1128 5.0441 1.1127 2.4189 1.65392 1.50548 1.91821 4.91775 -0.278253 3.6082 2.01361 11.2076 12.4204 1.27531 0.0621357 1.18082  2048 2048 435 0 0 240.502 1.0528 59.9995 10.6106 0.160645 0.320313
2.1128 6.70492 1.1127 2.4189 1.65392 1.51622 1.57762 8.17408 -0.278253 3.6082 2.01361 10.2963 11.2076 1.27531 0.0621357 1.17124  2048 2048 436 0 0 240.285 1.06228 59.9995 10.2691 0.0839844 0.45752
2.1128 14.6654 1.1127 2.4189 1.65392 1.07877 1.57762 3.22672 -0.278253 3.6082 2.01361 10.2963 11.2076 1.27531 0.0621357 1.58251  2048 2048 439 0 0 240.802 1.07499 59.9995 10.7401 0.0166016 1.75439
2.1128 6.70492 1.1127 3.17087 1.65392 1.07877 1.91821 9.10825 -0.278253 3.6082 2.01361 11.2076 12.4204 1.27531 0.0621357 0.8146  2048 2048 435 0 0 239.986 1.12596 59.9995 10.2952 0.0820313 0.623047
2.1128 18.0248 1.1127 2.4189 1.65392 1.50548 1.91821 4.91775 -0.278253 3.6082 2.01361 11.2076 12.4204 1.27531 0.0621357 0.359203  2048 2048 444 0 0 240.802 1.07081 59.9995 10.478 0.0322266 2.37842
2.1128 6.70492 1.1127 3.17087 1.65392 1.07877 1.91821 9.10825 -0.278253 3.6082 2.01361 10.2963 11.2076 1.27531 0.0621357 1.17124  2048 2048 435 0 0 239.986 1.06475 59.9995 10.2649 0.118164 0.626953
2.1128 5.0441 1.1127 2.4189 1.65392 1.07877 1.57762 3.22672 -0.278253 6.12018 2.01361 10.2963 11.2076 1.27531 0.0621357 1.58251  2048 2048 434 0 0 240.919 1.0609 59.9995 10.9666 0.166992 0.187988
2.1128 6.70492 1.1127 2.4189 1.65392 1.07877 1.57762 3.22672 -0.278253 6.12018 2.01361 10.2963 11.2076 1.27531 0.0621357 1.34758  2048 2048 435 0 0 240.802 1.0525 59.9995 10.9539 0.0791016 0.267578
2.1128 6.06342 1.1127 2.4189 1.65392 0.394604 1.91821 4.91775 -0.278253 3.6082 2.01361 11.2076 12.4204 1.91467 0.0621357 0.8146  2048 2048 434 0 0 240.802 1.05806 59.9995 10.7515 0.18457 0.397949
2.1128 6.70492 1.1127 3.17087 1.65392 1.07877 1.82446 7.97723 -0.278253 3.6082 2.01361 11.2076 12.4204 1.27531 0.0621357 1.34758  2048 2048 435 0 0 240.285 1.0701 59.9995 10.4735 0.0839844 0.635742
2.1128 5.0441 1.1127 2.4189 1.65392 1.72619 1.91821 8.17408 -0.278253 3.6082 2.01361 11.2076 12.4204 1.27531 0.0621357 0.359203  2048 2048 435 0 0 239.919 1.03605 59.9995 10.2058 0.19043 0.333496
2.1128 5.0441 1.1127 2.4189 1.65392 1.07877 1.91821 8.17408 -0.278253 3.6082 2.01361 11.2076 19.9347 1.27531 0.0621357 0.359203  2048 2048 435 0 0 242.785 1.09565 59.9996 11.9479 1.76367 2.64502
2.1128 6.70492 1.1127 2.4189 1.65392 1.07877 1.57762 8.17408 -0.278253 3.6082 2.01361 10.2963 11.2076 1.27531 0.0621357 1.17124  2048 2048 435 0 0 239.919 1.01942 59.9995 10.2538 0.0966797 0.431152
2.1128 6.70492 1.1127 2.4189 1.65392 1.72619 1.91821 4.91775 -0.278253 3.6082 2.01361 11.2076 18.2659 1.27531 0.0621357 1.17124  2048 2048 436 0 0 243.818 1.20252 59.9997 13.1904 1.35254 2.6665
2.1128 6.70492 1.1127 2.18329 1.65392 1.07877 1.57762 7.97723 -0.278253 3.6082 2.01361 11.2076 12.4204 1.27531 0.0621357 1.17124  2048 2048 435 0 0 240.285 1.03376 59.9995 10.3906 0.181641 0.421875
2.1128 6.70492 1.1127 3.17087 1.65392 0.0383923 1.57762 3.22672 -0.278253 3.6082 2.01361 11.2076 12.4204 0.753136 0.0621357 1.34758  2048 2048 435 0 0 239.986 1.02322 59.9995 10.3846 0.09375 0.459961
2.1128 6.70492 1.1127 3.17087 1.65392 1.07877 1.57762 8.17408 -0.278253 3.6082 2.01361 10.2963 11.2076 1.27531 0.0621357 1.17124  2048 2048 435 0 0 239.986 1.02828 59.9995 10.2813 0.102539 0.620605
2.1128 6.70492 1.1127 3.44554 1.65392 0.394604 1.57762 8.17408 -0.278253 3.6082 2.01361 10.2963 11.2076 1.27531 0.0621357 1.17124  2048 2048 435 0 0 239.919 1.05746 59.9995 10.2577 0.104492 0.553711
2.1128 6.70492 1.1127 2.4189 1.65392 1.07877 1.57762 3.22672 -0.278253 6.12018 2.01361 10.2963 11.2076 1.27531 0.0621357 1.17124  2048 2048 435 0 0 240.802 1.04798 59.9995 10.9191 0.0712891 0.270508
2.1128 6.70492 1.1127 2.4189 1.65392 1.07877 1.91821 4.91775 -0.278253 3.6082 2.01361 11.2076 12.4204 1.27531 0.0621357 1.34758  2048 2048 436 0 0 240.502 1.03214 59.9995 10.6469 0.0991211 0.427246
2.1128 6.70492 1.1127 3.17087 1.65392 0.394604 1.57762 3.22672 -0.278253 3.6082 2.01361 10.2963 11.2076 1.27531 0.0621357 1.17124  2048 2048 435 0 0 240.285 1.0367 59.9995 10.5529 0.0898438 0.522949
2.1128 6.70492 1.1127 2.4189 1.65392 1.07877 1.57762 7.14194 -0.278253 3.6082 2.01361 10.2963 11.2076 1.27531 0.0621357 1.18082  2048 2048 435 0 0 239.919 1.06536 59.9995 10.3045 0.118652 0.442871
2.1128 6.70492 1.1127 2.4189 1.65392 1.51622 1.57762 7.14194 -0.278253 1.05686 2.01361 10.2963 11.2076 1.27531 0.0621357 1.18082  2048 2048 430 0 0 239.502 1.03798 59.9994 10.4093 0.103516 31.4126
2.1128 6.70492 1.1127 2.4189 1.65392 1.07877 1.91821 7.14194 -0.278253 3.6082 2.01361 10.2963 11.2076 1.27531 0.0621357 1.18082  2048 2048 436 0 0 240.285 1.03088 59.9995 10.3192 0.0898438 0.442871
2.1128 6.70492 1.1127 2.4189 1.65392 1.07877 1.91821 9.10825 -0.278253 3.6082 2.01361 11.2076 12.4204 1.27531 0.0621357 0.359203  2048 2048 436 0 0 239.986 1.01726 59.9995 10.1557 0.103516 0.424805
2.1128 6.70492 1.1127 3.17087 1.65392 0.394604 1.91821 3.22672 -0.278253 3.6082 2.01361 10.2963 11.2076 1.27531 0.0621357 1.34758  2048 2048 435 0 0 240.285 1.09508 59.9995 10.6113 0.0986328 0.565918
2.1128 6.70492 1.1127 2.4189 1.65392 1.07877 1.57762 8.17408 -0.278253 3.6082 2.01361 11.2076 12.4204 1.27531 0.0621357 0.344981  2048 2048 435 0 0 239.769 1.04236 59.9994 10.1734 0.100586 0.412109
2.1128 5.0441 1.1127 2.4189 1.65392 1.07877 1.91821 4.91775 -0.278253 3.6082 2.01361 10.2963 11.2076 1.27531 0.0621357 1.17124  2048 2048 435 0 0 240.285 1.03085 59.9995 10.4397 0.18457 0.334473
2.1128 5.0441 1.1127 2.4189 1.65392 1.07877 1.91821 8.17408 -0.278253 3.6082 2.01361 11.2076 12.4204 1.27531 0.0621357 0.359203  2048 2048 435 0 0 239.919 1.09305 59.9995 10.1875 0.190918 0.293457
2.1128 6.70492 1.1127 3.17087 1.65392 0.394604 1.57762 8.17408 -0.278253 3.6082 2.01361 10.2963 11.2076 1.27531 0.0621357 1.34758  2048 2048 435 0 0 239.919 1.10355 59.9995 10.2786 0.0761719 0.501953
2.1128 6.70492 1.1127 2.4189 1.65392 0.394604 1.57762 3.22672 -0.278253 3.6082 2.01361 10.2963 11.2076 1.27531 0.0621357 1.34758  2048 2048 435 0 0 240.285 1.2002 59.9995 10.573 0.172852 0.442871
2.1128 6.70492 1.1127 2.4189 1.65392 1.07877 1.91821 9.10825 -0.278253 3.6082 2.01361 11.2076 15.1964 1.27531 0.0621357 1.17124  2048 2048 436 0 0 241.785 1.17516 59.9996 11.5421 0.291504 1.29395
2.1128 6.70492 1.1127 2.4189 1.65392 1.50548 1.57762 8.85403 -0.278253 3.6082 2.01361 11.2076 12.4204 0.753136 0.0621357 1.34758  2048 2048 436 0 0 239.986 1.03057 59.9995 10.0906 0.0839844 0.438477
2.1128 5.0441 1.1127 2.4189 1.65392 1.50548 1.91821 4.91775 -0.278253 3.6082 2.01361 11.2076 12.4204 1.27531 0.0621357 0.8146  2048 2048 435 0 0 240.285 1.06312 59.9995 10.4903 0.153809 0.308594
2.1128 6.70492 1.1127 3.17087 1.65392 0.394604 1.57762 3.22672 -0.278253 3.6082 2.01361 11.2076 12.4204 1.27531 0.0621357 1.17124  2048 2048 435 0 0 240.502 1.06703 59.9995 10.7219 0.0932617 0.472656
2.1128 6.70492 1.1127 11.5983 1.65392 1.07877 1.91821 9.10825 -0.278253 3.6082 2.01361 10.2963 11.2076 1.27531 0.0621357 1.34758  2048 2048 465 0 0 251.566 1.62307 60.0002 19.4938 106.408 69.8613
2.1128 5.0441 1.1127 9.55657 1.65392 1.72619 1.91821 8.17408 -0.278253 3.6082 2.01361 11.2076 12.4204 1.27531 0.0621357 1.17124  2048 2048 447 0 0 248.683 1.54743 60 17.8367 86.6152 49.9609
2.1128 6.70492 1.1127 3.17087 1.65392 1.07877 1.57762 7.97723 -0.278253 3.6082 2.01361 11.2076 12.4204 1.27531 0.0621357 1.17124  2048 2048 435 0 0 240.285 1.07673 59.9995 10.415 0.0825195 0.563477
2.1128 6.70492 1.1127 2.4189 1.65392 1.07877 1.57762 8.85403 -0.278253 3.6082 2.01361 10.2963 11.2076 0.753136 0.0621357 1.34758  2048 2048 435 0 0 239.636 1.14813 59.9994 10.0219 0.0986328 0.459473
2.1128 6.70492 1.1127 2.4189 1.65392 1.07877 1.91821 3.28135 -0.278253 3.6082 2.01361 10.2963 11.2076 1.27531 0.153813 1.17124  2048 2048 436 0 0 240.502 1.04794 59.9995 10.6064 0.112305 0.468262
2.1128 6.70492 1.1127 2.4189 1.65392 1.72619 1.91821 4.91775 -0.278253 3.6082 2.01361 11.2076 12.4204 1.27531 0.0621357 0.359203  2048 2048 436 0 0 240.285 1.04838 59.9995 10.3651 0.0800781 0.492676
2.1128 5.0441 1.1127 2.4189 1.65392 1.07877 1.91821 4.91775 -0.278253 3.6082 2.01361 11.2076 12.4204 1.27531 0.0621357 0.359203  2048 2048 435 0 0 239.919 1.05903 59.9995 10.3377 0.166992 0.296387
2.1128 5.0441 1.1127 2.4189 1.65392 1.07877 1.91821 9.10825 -0.278253 3.6082 2.01361 11.2076 12.4204 1.27531 0.0621357 1.34758  2048 2048 435 0 0 240.285 1.03415 59.9995 10.3904 0.186035 0.304199
2.1128 6.70492 1.1127 2.4189 1.65392 1.51622 1.57762 3.22672 -0.278253 3.6082 2.01361 10.2963 11.2076 1.27531 0.0621357 0.8146  2048 2048 436 0 0 240.285 1.02671 59.9995 10.4721 0.114258 0.466309
2.1128 6.70492 1.1127 2.4189 1.65392 1.07877 1.91821 9.10825 -0.278253 3.6082 2.01361 10.2963 11.2076 1.27531 0.0621357 1.18082  2048 2048 436 0 0 240.285 1.03436 59.9995 10.2281 0.0766602 0.432617
2.1128 6.70492 1.1127 2.4189 1.65392 1.51622 1.91821 4.91775 -0.278253 3.6082 2.01361 10.2963 11.2076 1.27531 0.0621357 1.18082  2048 2048 436 0 0 240.285 1.06723 59.9995 10.4623 0.0820313 0.492676
2.1128 5.0441 1.1127 2.4189 1.65392 1.72619 1.91821 4.91775 -0.278253 3.6082 2.01361 11.2076 12.4204 0.753136 0.0621357 1.34758  2048 2048 435 0 0 239.919 1.05528 59.9995 10.3039 0.125977 0.368164
2.1128 6.70492 1.1127 2.4189 1.65392 1.07877 1.91821 8.85403 -0.278253 3.6082 2.01361 10.2963 11.2076 0.753136 0.0621357 1.34758  2048 2048 436 0 0 239.919 1.02503 59.9995 10.0321 0.100586 0.458984
2.1128 6.70492 1.1127 3.17087 1.18235 0.394604 1.57762 7.14194 -0.278253 3.69274 2.01361 10.2963 11.2076 1.27531 0.0621357 1.34758  2048 2048 435 0 0 239.986 1.03753 59.9995 10.3168 0.0839844 0.413086
2.1128 6.70492 1.1127 3.17087 1.65392 0.0383923 1.57762 3.22672 -0.278253 3.6082 2.01361 11.2076 12.4204 1.27531 0.0621357 1.17124  2048 2048 435 0 0 240.502 1.0745 59.9995 10.7075 0.0864258 0.431152
2.1128 5.0441 1.1127 2.4189 1.65392 1.72619 1.91821 8.17408 -0.278253 3.6082 2.01361 5.67827 16.6466 1.27531 0.0621357 0.359203  2048 2048 435 0 0 241.935 1.08557 59.9996 11.4637 0.728027 3.24707
2.1128 6.70492 1.1127 2.4189 1.65392 1.50548 1.91821 4.91775 -0.278253 3.6082 2.01361 10.2963 11.2076 1.27531 0.0621357 1.17124  2048 2048 436 0 0 240.285 1.0298 59.9995 10.4597 0.0830078 0.494141
2.1128 2.7485 1.1127 2.4189 1.65392 1.07877 1.57762 6.99942 -0.278253 3.6082 2.01361 11.2076 12.4204 1.27531 0.0621357 1.077  2048 2048 433 0 0 240.285 1.04097 59.9995 10.4084 0.763672 0.155762
2.1128 6.70492 1.1127 2.4189 1.65392 0.394604 1.91821 4.91775 -0.278253 3.6082 2.01361 11.2076 12.4204 1.27531 0.0621357 1.34758  2048 2048 435 0 0 240.285 1.0853 59.9995 10.6186 0.111328 0.408691
2.1128 5.0441 1.1127 2.4189 1.65392 1.07877 1.57762 3.22672 -0.278253 6.12018 2.01361 11.2076 12.4204 1.27531 0.0621357 0.359203  2048 2048 434 0 0 240.502 1.04023 59.9995 10.8464 0.0986328 0.162598
2.1128 6.70492 1.1127 2.4189 1.65392 1.07877 1.82446 8.17408 -0.278253 3.6082 2.01361 12.4204 17.3064 1.27531 0.0621357 1.17124  2048 2048 435 0 0 242.335 1.09143 59.9996 11.9926 0.544434 1.68311
2.1128 6.70492 1.1127 2.4189 1.65392 1.07877 1.91821 8.17408 0.151006 3.6082 2.01361 11.2076 12.4204 1.27531 0.0621357 1.34758  2048 2048 444 0 0 241.785 1.09208 59.9996 11.8259 0.401367 0.725098
2.1128 6.70492 1.1127 2.4189 1.65392 1.82318 1.91821 9.10825 0.602832 3.6082 2.01361 10.2963 11.2076 1.27531 0.0621357 0.359203  2048 2048 493 0 0 250.016 1.37109 60.0001 15.6959 9.07373 12.667
2.1128 6.70492 1.1127 2.4189 1.65392 1.07877 1.57762 8.17408 -0.278253 3.6082 2.01361 11.2076 12.4204 1.27531 0.0621357 1.58251  2048 2048 435 0 0 240.285 1.03968 59.9995 10.468 0.106445 0.421387
2.1128 6.70492 1.1127 2.4189 1.65392 1.50548 1.57762 7.97723 -0.278253 3.6082 2.01361 11.2076 12.4204 1.27531 0.0621357 1.17124  2048 2048 436 0 0 240.502 1.02641 59.9995 10.4099 0.0908203 0.419922
2.1128 5.0441 1.1127 2.4189 1.65392 0.0383923 1.57762 3.22672 -0.278253 3.6082 2.01361 11.2076 12.4204 1.27531 0.0621357 0.359203  2048 2048 434 0 0 239.986 1.03281 59.9995 10.3948 0.374023 0.29248
2.1128 6.70492 1.1127 2.4189 1.65392 1.07877 1.91821 8.17408 -0.278253 6.12018 2.01361 10.2963 11.2076 1.27531 0.0621357 1.17124  2048 2048 436 0 0 240.802 1.09917 59.9995 10.5011 0.0332031 0.254395
2.1128 6.70492 1.1127 15.667 1.65392 1.51622 1.57762 7.14194 -0.278253 1.94647 2.01361 10.2963 11.2076 1.27531 0.0621357 1.34758  2048 2048 495 0 0 295.439 3.31154 60.0023 48.2954 1193.03 257.936
2.1128 6.70492 1.1127 2.4189 1.65392 1.07877 1.91821 9.10825 -0.278253 3.6082 2.01361 10.2963 11.2076 1.27531 0.0621357 1.17124  2048 2048 436 0 0 240.285 1.03586 59.9995 10.227 0.0776367 0.43457
2.1128 6.70492 1.1127 3.17087 0.14539 0.394604 1.57762 3.22672 -0.278253 3.6082 2.01361 11.2076 12.4204 1.27531 0.0621357 1.34758  2048 2048 435 0 0 240.502 1.05364 59.9995 10.7017 0.432617 0.458496
2.1128 6.70492 1.1127 2.4189 1.65392 1.51622 1.57762 7.14194 -0.278253 3.6082 2.01361 11.2076 14.6068 0.683981 0.0621357 1.17124  2048 2048 436 0 0 240.502 1.07 59.9995 10.3734 0.116699 0.614746
2.1128 6.70492 1.1127 2.4189 1.65392 0.394604 1.91821 4.91775 -0.278253 3.6082 2.01361 2.04352 12.4204 1.27531 0.0621357 1.34758  2048 2048 429 0 0 239.502 1.04226 59.9994 10.3383 1.19385 0.94873
2.1128 6.70492 1.1127 2.4189 1.65392 1.07877 1.57762 7.97723 -0.278253 3.6082 2.01361 10.2963 11.2076 1.27531 0.0621357 1.18082  2048 2048 435 0 0 239.919 1.03402 59.9995 10.265 0.107422 0.434082
2.1128 6.70492 1.1127 3.17087 1.65392 1.07877 1.57762 3.22672 -0.278253 3.6082 2.01361 11.2076 12.4204 1.27531 0.0621357 1.34758  2048 2048 435 0 0 240.502 1.06354 59.9995 10.8003 0.081543 0.600098
2.1128 6.70492 1.1127 2.4189 1.65392 1.51933 1.91821 9.10825 -0.278253 3.6082 2.01361 11.2076 12.4204 1.27531 0.0621357 1.34758  2048 2048 436 0 0 240.502 1.07591 59.9995 10.4164 0.0869141 0.473145
2.1128 6.70492 1.1127 2.4189 1.65392 1.51622 1.57762 7.14194 -0.278253 3.6082 2.01361 10.2963 11.2076 1.27531 0.0621357 0.359203  2048 2048 436 0 0 239.986 1.02489 59.9995 10.1506 0.10791 0.469238
2.1128 6.70492 2.4189 14.7075 1.65392 1.07877 1.91821 9.10825 -0.278253 3.6082 2.01361 11.2076 12.4204 1.27531 0.0621357 0.8146  2048 2048 489 0 0 269.912 2.48902 60.0011 34.4224 496.841 183.244
2.1128 6.70492 1.1127 2.4189 1.65392 1.07877 1.91821 7.97723 -0.278253 3.6082 2.01361 10.2963 11.2076 1.27531 0.0621357 1.17124  2048 2048 436 0 0 240.285 1.05014 59.9995 10.2778 0.0854492 0.436523
2.1128 6.70492 1.1127 3.17087 1.16477 0.394604 1.91821 4.91775 -0.278253 3.6082 2.01361 11.2076 12.4204 1.27531 0.0621357 0.8146  2048 2048 435 0 0 240.285 1.09182 59.9995 10.4582 0.0771484 0.431641
2.1128 6.70492 1.1127 3.17087 1.65392 0.394604 1.91821 9.10825 -0.278253 3.6082 2.01361 10.2963 11.2076 1.27531 0.0621357 1.34758  2048 2048 435 0 0 239.986 1.05731 59.9995 10.2511 0.0771484 0.505859
2.1128 6.70492 1.1127 2.4189 1.65392 1.07877 1.57762 7.97723 -0.278253 3.6082 2.01361 11.2076 12.4204 0.753136 0.0621357 1.13181  2048 2048 435 0 0 239.769 1.04176 59.9994 10.0818 0.0878906 0.427246
2.1128 6.70492 2.4189 18.3117 1.65392 1.07877 1.57762 8.17408 -0.278253 3.6082 2.01361 11.2076 12.4204 1.27531 0.0621357 1.17124  2048 2048 503 0 0 297.272 3.55741 60.0024 50.9497 1379.22 240.499
2.1128 6.70492 1.1127 2.4189 1.65392 1.07877 1.57762 8.17408 -0.278253 5.11185 2.01361 11.2076 12.4204 1.27531 0.0621357 1.17124  2048 2048 435 0 0 240.285 1.08289 59.9995 10.4487 0.046875 0.234863
2.1128 5.0441 1.1127 2.4189 1.65392 1.07877 1.91821 8.17408 -0.278253 3.6082 2.01361 10.2963 11.2076 1.27531 0.0621357 0.359203  2048 2048 435 0 0 239.636 1.07839 59.9994 10.1061 0.180664 0.331055
2.1128 6.70492 1.1127 3.17087 1.65392 0.0383923 1.57762 3.22672 0.332606 3.6082 2.01361 11.2076 12.4204 1.27531 0.0621357 0.8146  2048 2048 445 0 0 241.785 1.09283 59.9996 11.4787 0.453613 0.963379
2.1128 6.70492 1.1127 2.4189 1.25321 1.07877 1.57762 8.85403 -0.278253 3.6082 2.01361 11.2076 12.4204 0.753136 0.0621357 1.34758  2048 2048 435 0 0 239.769 1.03953 59.9994 10.0719 0.0898438 0.396973
2.1128 6.70492 1.1127 2.4189 1.65392 1.78045 1.91821 9.10825 -0.278253 3.6082 2.01361 11.2076 12.4204 1.27531 0.0621357 1.34758  2048 2048 436 0 0 240.502 1.07172 59.9995 10.4245 0.0761719 0.472656
2.1128 6.70492 1.1127 2.4189 1.65392 1.07877 1.91821 7.14194 -0.278253 7.66655 2.01361 10.2963 11.2076 1.27531 0.0621357 1.17124  2048 2028 436 0 0 409.611 1.63752 59.9997 14.9823 102.221 10.6099
2.1128 6.70492 1.1127 2.4189 1.65392 1.50548 1.57762 8.17408 -0.278253 3.6082 2.01361 10.2963 11.2076 1.27531 0.0621357 1.17124  2048 2048 436 0 0 240.285 1.03891 59.9995 10.2681 0.0859375 0.450684
2.1128 6.70492 1.1127 2.4189 1.65392 1.43492 1.91821 8.17408 -0.278253 3.6082 2.01361 11.2076 12.4204 1.27531 0.0621357 1.34758  2048 2048 436 0 0 240.502 1.05717 59.9995 10.4579 0.0839844 0.445801
2.1128 6.70492 1.1127 2.4189 1.65392 1.07877 1.57762 7.97723 -0.278253 3.6082 2.01361 8.00256 11.2076 1.27531 0.0621357 1.17124  2048 2048 435 0 0 241.285 1.23992 59.9995 11.1263 0.199219 1.3418
2.1128 6.70492 1.1127 3.17087 1.65392 0.0383923 1.57762 3.22672 -0.278253 3.6082 2.01361 10.2963 11.2076 1.27531 0.0621357 0.8146  2048 2048 435 0 0 239.986 1.04383 59.9995 10.4401 0.102539 0.485352
2.1128 6.70492 1.1127 2.4189 1.65392 1.50548 1.91821 8.17408 -0.278253 3.6082 2.01361 10.2963 11.2076 1.27531 0.0621357 0.359203  2048 2048 436 0 0 239.919 1.06526 59.9995 10.1229 0.0893555 0.478516
2.1128 6.70492 1.1127 2.4189 1.65392 0.394604 1.57762 8.17408 -0.278253 3.6082 2.01361 10.2963 11.2076 1.27531 0.0621357 1.17124  2048 2048 435 0 0 239.919 1.03629 59.9995 10.232 0.138184 0.419922
2.1128 6.70492 1.1127 3.17087 1.65392 0.394604 1.82446 3.22672 -0.278253 3.6082 2.01361 11.2076 12.4204 1.27531 0.0621357 1.34758  2048 2048 435 0 0 240.502 1.086 59.9995 10.7931 0.0883789 0.47168
2.1128 6.70492 1.1127 2.4189 1.65392 1.07877 1.82446 7.97723 -0.278253 3.6082 2.01361 11.2076 12.4204 1.27531 0.0621357 0.359203  2048 2048 435 0 0 239.769 1.02786 59.9994 10.1942 0.101563 0.414063
2.1128 6.70492 1.1127 2.4189 1.65392 1.51622 1.91821 8.17408 -0.278253 3.6082 2.01361 10.2963 11.2076 1.27531 0.0621357 1.18082  2048 2048 436 0 0 240.285 1.05853 59.9995 10.2879 0.0878906 0.478027
2.1128 6.70492 1.1127 3.17087 1.65392 1.07877 1.36814 7.97723 -0.278253 3.6082 2.01361 11.2076 12.4204 1.27531 0.0621357 1.34758  2048 2048 435 0 0 240.285 1.07207 59.9995 10.4359 0.078125 0.546875
2.1128 5.0441 1.1127 2.4189 1.65392 1.50548 1.91821 8.17408 -0.278253 3.6082 2.01361 11.2076 12.4204 1.27531 0.0621357 1.17124  2048 2048 435 0 0 240.285 1.07677 59.9995 10.4121 0.168457 0.322266
2.1128 6.70492 1.1127 2.4189 1.65392 1.07877 1.57762 8.85403 -0.278253 3.6082 2.01361 11.2076 12.4204 1.27531 0.0621357 1.34758  2048 2048 435 0 0 240.285 1.05328 59.9995 10.3919 0.107422 0.424805
2.1128 6.70492 1.1127 2.4189 1.65392 1.51622 1.57762 9.10825 -0.278253 3.6082 2.01361 10.2963 11.2076 1.27531 0.0621357 1.34758  2048 2048 436 0 0 240.285 1.0408 59.9995 10.2538 0.0908203 0.45459
2.1128 6.70492 1.1127 3.17087 1.65392 0.394604 1.35081 8.17408 -0.278253 3.6082 2.01361 10.2963 11.2076 0.713828 0.0621357 1.34758  2048 2048 435 0 0 239.636 1.03967 59.9994 10.0284 0.11377 0.532227
2.1128 6.70492 1.1127 2.4189 1.65392 0.0383923 1.91821 8.17408 -0.278253 3.6082 2.01361 11.2076 12.4204 1.27531 0.0621357 1.34758  2048 2048 435 0 0 240.285 1.07779 59.9995 10.4087 0.165039 0.414063
2.1128 6.70492 1.1127 3.17087 1.16477 0.394604 1.57762 5.00717 -0.278253 3.6082 2.01361 10.2963 11.2076 1.27531 0.0621357 1.34758  2048 2048 435 0 0 240.285 1.04519 59.9995 10.4362 0.0917969 0.477539
2.1128 6.70492 1.1127 3.17087 1.16477 0.394604 1.57762 4.91775 -0.278253 3.6082 2.01361 10.2963 11.2076 1.27531 0.0621357 1.34758  2048 2048 435 0 0 240.285 1.02735 59.9995 10.4416 0.0898438 0.486816
2.1128 6.70492 1.1127 2.4189 1.65392 0.394604 1.91821 8.17408 -0.278253 3.6082 2.01361 10.2963 11.2076 1.27531 0.0621357 1.17124  2048 2048 435 0 0 239.919 1.02543 59.9995 10.2429 0.113281 0.419434
2.1128 6.70492 1.1127 2.4189 1.65392 1.07877 1.91821 8.17408 -0.278253 3.6082 2.01361 10.2963 11.2076 1.27531 0.0621357 1.30717  2048 2048 436 0 0 240.285 1.07151 59.9995 10.294 0.0839844 0.443848
