100 1
3.94604 6.55904 4.96658 15.432 31.0266 32.9051 0.641133 0.641987 0.09888 0.781884 8.41334 1.96136 0.330332 0.224067  2048 2048 378 0 0 86.0539 1.24641 59.9857 13.2586 1.19922 0.114746
3.94604 12.2336 4.96658 16.8975 31.0266 32.9051 0.641133 1.29002 0.12653 0.781884 8.41334 1.96136 1.70879 0.224067  2048 2048 396 0 0 88.8878 1.19687 59.9857 13.8366 0.958984 0.215332
3.94604 12.2336 4.96658 16.8975 31.0266 32.9051 0.641133 1.29002 0.09888 0.781884 8.41334 1.96136 1.70879 0.224067  2048 2048 397 0 0 89.2713 1.21015 59.9857 13.9917 0.989258 0.230957
3.94604 12.2336 4.96658 15.432 31.0266 32.9051 0.641133 1.29002 0.12653 0.781884 8.41334 1.96136 1.70879 0.224067  2048 2048 391 0 0 87.3208 1.22457 59.9857 13.7682 1.00098 0.321777
3.94604 12.2336 4.96658 15.432 31.0266 32.9051 0.641133 1.29002 0.09888 0.781884 8.41334 1.96136 1.96936 0.224067  2048 2048 396 0 0 88.5211 1.18355 59.9857 13.8164 1.05566 0.314453
3.94604 10.0308 4.96658 12.0762 31.0266 32.9051 0.216315 1.29002 0.12653 0.781884 8.41334 1.96136 1.74425 0.224067  2048 2048 384 0 0 87.8543 1.1311 59.9857 13.1965 1.03223 0.378418
3.94604 6.55904 4.96658 15.432 31.0266 32.9051 0.641133 0.641987 0.09888 0.781884 8.41334 1.96136 1.70879 0.224067  2048 2048 377 0 0 85.9039 1.10716 59.9857 12.8698 1.45117 0.0668945
3.94604 6.55904 4.96658 15.432 31.0266 32.9051 0.641133 0.641987 0.12653 0.266732 8.41334 1.5031 1.70879 0.224067  2048 2048 378 0 0 85.6705 1.16058 59.9857 12.9789 1.41357 0.126465
3.94604 12.2336 4.96658 16.8975 31.0266 32.9051 0.641133 0.641987 0.12653 0.781884 8.41334 1.96136 1.96936 0.224067  2048 2048 415 0 0 88.3211 1.1691 59.9857 13.6641 1.23584 0.185059
3.94604 6.55904 4.96658 15.432 31.0266 32.9051 0.641133 0.641987 0.12653 0.266732 8.41334 1.96136 1.70879 0.224067  2048 2048 377 0 0 85.5871 1.11171 59.9856 12.8461 1.48975 0.101074
3.94604 12.2336 4.96658 15.432 31.0266 32.9051 0.641133 0.641987 0.09888 0.781884 8.41334 1.96136 1.96936 0.224067  2048 2048 408 1 0 88.9379 1.1728 59.9857 13.6616 1.27783 0.28418
3.94604 12.2336 4.96658 15.432 31.0266 32.9051 0.641133 1.29002 0.12653 0.781884 8.41334 1.96136 1.74425 0.224067  2048 2048 391 0 0 88.8212 1.2321 59.9857 13.7408 1.0127 0.316895
3.94604 6.55904 4.96658 15.432 31.0266 32.9051 0.641133 0.641987 0.09888 0.266732 8.41334 1.96136 1.70879 0.224067  2048 2048 377 0 0 85.1537 1.10818 59.9856 12.8846 1.52393 0.0908203
3.94604 10.0308 4.96658 15.432 31.0266 32.9051 0.641133 1.29002 0.09888 0.781884 8.41334 1.96136 1.74425 0.224067  2048 2048 384 0 0 87.4875 1.17898 59.9857 13.5495 1.00244 0.174805
3.94604 6.55904 4.96658 15.432 31.0266 32.9051 0.641133 0.641987 0.12653 7.34825 8.41334 1.96136 1.70879 0.224067  2048 2046 386 0 0 409.611 2.38335 59.9857 15.4801 1.41748 2.19775
3.94604 6.55904 4.96658 15.432 31.0266 32.9051 0.641133 0.641987 0.12653 8.41334 10.3696 1.96136 1.70879 0.224067  2048 2046 385 0 0 409.611 2.41994 59.9858 16.1121 1.57129 2.50732
3.94604 6.55904 4.96658 15.432 31.0266 32.9051 0.641133 0.641987 0.09888 0.781884 8.41334 1.96136 0.487136 0.224067  2048 2048 378 0 0 87.1375 1.13362 59.9857 13.1937 1.17334 0.0776367
3.94604 12.2336 4.96658 16.8975 31.0266 32.9051 0.641133 0.641987 0.12653 0.781884 8.41334 1.5031 1.96936 0.224067  2048 2048 417 0 0 89.0879 1.19321 59.9857 13.8167 1.06592 0.210449
3.94604 6.55904 4.96658 15.432 31.0266 32.9051 0.641133 0.641987 0.12653 0.781884 8.41334 1.96136 0.330332 0.224067  2048 2048 379 0 0 87.2375 1.14438 59.9857 13.2269 1.17334 0.097168
8.39656 6.55904 4.96658 15.432 31.0266 32.9051 1.17325 0.641987 0.12653 0.266732 8.41334 1.96136 1.70879 0.224067  2048 2048 832 874 0 108.459 1.17175 59.986 12.2164 10.9072 4.75146
3.94604 12.2336 4.96658 16.8975 31.0266 32.9051 0.641133 0.641987 0.09888 0.781884 8.41334 0.537126 1.70879 0.224067  2048 2048 462 2 0 93.9556 1.24073 59.9858 14.4173 0.88623 0.479492
3.94604 12.2336 4.96658 15.432 31.0266 32.9051 0.641133 1.56053 0.09888 0.781884 8.41334 1.96136 1.96936 0.224067  2048 2048 392 0 0 88.3044 1.19381 59.9857 13.8849 1.09229 0.346191
3.94604 12.2336 4.96658 15.432 31.0266 32.9051 0.641133 1.29002 0.12653 0.781884 8.41334 1.96136 0.330332 0.224067  2048 2048 406 0 0 90.0881 1.2322 59.9857 14.2985 1.11621 0.364746
3.94604 7.43492 4.96658 16.8975 31.0266 32.9051 0.641133 1.29002 0.09888 0.781884 8.41334 1.96136 1.70879 0.224067  2048 2048 379 0 0 86.3206 1.18521 59.9857 13.3494 1.26074 0.117676
3.94604 6.55904 4.96658 15.432 31.0266 32.9051 0.641133 0.641987 0.12653 0.781884 8.41334 1.96136 1.70879 0.224067  2048 2048 377 0 0 85.5705 1.10247 59.9856 12.8336 1.52246 0.0893555
3.94604 6.55904 4.96658 15.432 31.0266 32.9051 0.641133 1.29002 0.09888 0.781884 8.41334 1.96136 1.96936 0.224067  2048 2048 376 0 0 87.1708 1.12651 59.9857 13.1314 1.7002 0.149414
3.94604 6.55904 4.96658 16.8975 31.0266 32.9051 0.641133 0.641987 0.12653 0.781884 8.41334 1.96136 1.70879 0.224067  2048 2048 377 0 0 86.9208 1.11566 59.9857 12.9065 1.69043 0.0341797
3.94604 6.55904 4.96658 15.432 31.0266 32.9051 0.641133 0.641987 0.12653 0.266732 8.41334 1.92322 1.70879 0.224067  2048 2048 377 0 0 85.9039 1.15227 59.9857 12.85 1.48145 0.100098
3.94604 6.55904 4.96658 15.432 31.0266 32.9051 0.641133 1.73095 0.12653 8.41334 9.91363 1.96136 1.70879 0.224067  2048 2046 385 0 0 409.611 2.97079 59.9859 18.0227 8.33887 2.17627
3.94604 6.55904 4.96658 15.432 31.0266 32.9051 0.641133 0.641987 0.09888 0.781884 2.63314 1.96136 1.70879 0.224067  2048 2046 385 0 0 409.611 2.26935 59.9857 15.1888 1.51318 0.138184
3.94604 12.2336 4.96658 15.432 31.0266 32.9051 0.641133 0.641987 0.12653 0.781884 5.81927 1.96136 1.70879 0.224067  2048 2048 429 2 0 89.3879 1.2635 59.9857 14.2271 1.28955 0.304688
3.94604 12.2336 4.96658 15.432 31.0266 32.9051 0.641133 1.29002 0.12653 0.781884 8.41334 1.96136 1.96936 0.224067  2048 2048 389 0 0 87.8543 1.22582 59.9857 13.6851 1.03809 0.321289
3.94604 6.55904 4.96658 3.38939 31.0266 32.9051 0.641133 0.641987 0.12653 0.266732 8.41334 1.96136 1.70879 0.224067  2048 2048 377 0 0 117.211 1.12282 59.9861 12.1056 2.19434 3.28955
3.94604 6.55904 4.96658 15.432 31.0266 32.9051 0.641133 0.641987 0.09888 0.781884 8.41334 1.96136 1.74425 0.224067  2048 2048 377 0 0 85.7872 1.10362 59.9857 12.8474 1.56348 0.0595703
3.94604 6.55904 4.96658 15.432 31.0266 32.9051 0.641133 1.29002 0.09888 0.781884 8.41334 1.96136 1.70879 0.224067  2048 2048 377 0 0 87.3208 1.14303 59.9857 13.2327 1.53027 0.145508
3.94604 10.0308 4.96658 15.432 31.0266 32.9051 0.216315 1.29002 0.12653 0.781884 8.41334 1.96136 0.330332 0.224067  2048 2048 386 0 0 88.3711 1.25349 59.9857 13.9484 0.979492 0.161621
3.94604 6.55904 4.96658 15.432 31.0266 32.9051 0.216315 0.641987 0.12653 0.781884 8.41334 1.96136 1.70879 0.224067  2048 2048 377 0 0 85.7205 1.08384 59.9857 12.687 1.84912 0.015625
3.94604 12.2336 4.96658 15.432 31.0266 32.9051 0.641133 1.29002 0.12653 0.266732 8.41334 1.96136 1.70879 0.224067  2048 2048 391 0 0 88.7045 1.18253 59.9857 13.7566 1.02783 0.318848
3.94604 12.2336 4.96658 15.432 26.5313 31.0266 0.641133 1.29002 0.09888 0.781884 8.41334 1.96136 1.96936 0.224067  2048 2048 390 0 0 89.7714 1.22866 59.9857 14.1266 1.47412 0.339355
3.94604 12.2336 4.96658 17.528 31.0266 32.9051 0.641133 1.29002 0.12653 0.781884 8.41334 1.96136 1.70879 0.224067  2048 2048 397 0 0 88.7211 1.23919 59.9857 13.8815 0.951172 0.177246
3.94604 12.2336 4.96658 16.8975 31.0266 32.9051 0.641133 1.29002 0.09888 0.781884 8.41334 1.96136 1.70879 1.53893  2048 2048 381 0 0 86.9874 1.12977 59.9857 13.1128 1.46387 0.257324
3.94604 12.2336 4.96658 15.432 31.0266 32.9051 0.641133 1.29002 0.09888 0.781884 8.41334 1.96136 1.70879 0.224067  2048 2048 405 0 0 88.9879 1.19665 59.9857 13.8568 1.00732 0.311523
3.94604 6.55904 4.96658 15.432 31.0266 32.9051 0.641133 0.641987 0.09888 0.781884 8.41334 1.96136 1.96936 0.224067  2048 2048 377 0 0 86.7541 1.10672 59.9857 12.7993 1.66846 0.0541992
3.94604 10.0308 4.96658 16.8975 31.0266 32.9051 0.641133 1.29002 0.12653 0.781884 8.41334 1.96136 1.74425 0.224067  2048 2048 385 0 0 86.6707 1.21113 59.9857 13.5437 0.900879 0.127441
3.94604 12.2336 4.96658 16.8975 31.0266 32.9051 0.641133 1.29002 0.12653 0.781884 8.41334 1.96136 1.96936 0.545915  2048 2048 386 0 0 88.121 1.15897 59.9857 13.5508 1.08447 0.231934
3.94604 18.0041 4.96658 15.432 31.0266 32.9051 0.641133 0.641987 0.12653 0.781884 8.41334 1.96136 0.330332 0.224067  2048 2048 558 41 0 95.1058 1.26387 59.9858 14.6084 1.50635 1.09277
3.94604 6.55904 4.96658 15.432 31.0266 32.9051 0.641133 0.641987 0.09888 0.781884 8.41334 1.5031 0.330332 0.224067  2048 2048 381 0 0 88.6044 1.20021 59.9857 13.4802 1.06445 0.15625
3.94604 10.0308 4.96658 12.0762 31.0266 32.9051 0.216315 1.29002 0.09888 0.781884 8.41334 1.96136 1.96936 0.224067  2048 2048 385 0 0 87.5209 1.18876 59.9857 13.2563 1.22656 0.376953
3.94604 10.0308 4.96658 12.0762 31.0266 32.9051 0.641133 0.641987 0.12653 0.266732 8.41334 1.5031 1.70879 0.224067  2048 2048 386 0 0 87.2708 1.14036 59.9857 13.1992 1.04883 0.354492
3.94604 12.2336 4.96658 15.432 31.0266 32.9051 0.641133 0.641987 0.09888 3.96741 8.41334 1.96136 1.96936 0.224067  2048 2048 468 1 0 91.0883 1.26218 59.9857 14.6044 0.92627 3.854
3.94604 10.0308 2.9603 12.0762 31.0266 32.9051 0.216315 1.29002 0.12653 0.781884 8.41334 1.96136 1.74425 0.224067  2048 2047 381 0 0 409.611 2.00509 59.9857 12.6023 1.63818 3.35645
3.94604 12.2336 4.96658 16.8975 31.0266 32.9051 0.641133 0.641987 0.09888 0.781884 8.41334 1.96136 1.70879 0.224067  2048 2048 440 0 0 88.3877 1.23577 59.9857 13.7942 1.08984 0.160645
3.94604 6.55904 4.96658 16.8975 31.0266 32.9051 0.641133 1.29002 0.09888 0.266732 8.41334 1.96136 1.70879 0.224067  2048 2048 378 0 0 86.354 1.13291 59.9857 13.2871 1.88818 0.112305
3.94604 6.55904 4.96658 16.8975 23.7281 31.0266 0.641133 0.641987 0.12653 0.266732 8.41334 1.96136 1.70879 0.224067  2048 2048 387 0 0 88.4711 1.18848 59.9857 13.9246 4.97559 0.30957
3.94604 12.2336 4.96658 15.432 31.0266 32.9051 0.641133 0.641987 0.09888 0.266732 8.41334 1.5031 1.96936 0.224067  2048 2048 440 0 0 90.8716 1.2049 59.9857 13.7856 1.14111 0.284668
3.94604 12.2336 4.96658 15.432 31.0266 32.9051 0.641133 0.641987 0.12653 0.781884 8.41334 1.96136 1.96936 0.224067  2048 2048 408 0 0 88.4711 1.22372 59.9857 13.5435 1.25537 0.268555
3.94604 10.0308 4.96658 15.432 31.0266 32.9051 0.641133 1.29002 0.12653 0.781884 8.41334 1.96136 1.74425 0.224067  2048 2048 384 0 0 88.071 1.16344 59.9857 13.4151 0.92041 0.161133
3.94604 12.2336 4.96658 16.8975 0.154118 32.9051 0.641133 0.641987 0.360851 0.781884 8.41334 1.96136 1.96936 0.224067  2048 1514 1477 168 0 409.611 13.4402 60.0057 86.5986 159.715 35.3682
3.94604 10.0308 4.96658 12.0762 31.0266 32.9051 0.641133 0.641987 0.12653 0.781884 8.41334 1.96136 1.74425 0.224067  2048 2048 386 0 0 86.8541 1.11676 59.9857 13.0741 1.19287 0.34668
3.94604 6.55904 4.96658 16.8975 31.0266 32.9051 0.641133 1.29002 0.12653 3.41197 8.41334 1.96136 1.70879 0.224067  2048 2048 382 0 0 87.2875 1.22058 59.9857 13.5778 1.87793 2.67627
3.94604 12.2336 4.96658 16.8975 31.0266 32.9051 0.641133 0.641987 0.12653 0.781884 8.41334 1.96136 1.70879 0.224067  2048 2048 415 0 0 87.4042 1.17319 59.9857 13.7302 1.12354 0.184082
3.94604 6.55904 4.96658 16.8975 31.0266 32.9051 0.641133 0.641987 0.12653 0.266732 8.41334 1.5031 1.70879 0.224067  2048 2048 378 0 0 87.4542 1.12713 59.9857 13.0622 1.7251 0.0498047
3.94604 12.2336 4.96658 15.432 31.0266 32.9051 0.641133 1.29002 0.12653 5.28825 8.41334 1.96136 1.70879 0.224067  2048 2046 398 0 0 409.611 2.26311 59.9857 15.7101 0.577148 5.35596
3.94604 12.2336 4.96658 16.8975 31.0266 32.9051 0.641133 1.29002 0.09888 0.781884 8.41334 1.96136 1.96936 0.224067  2048 2048 396 0 0 88.171 1.24735 59.9857 13.942 1.07715 0.215332
3.94604 12.2336 4.96658 16.8975 31.0266 32.9051 0.641133 1.29002 0.12653 0.781884 8.41334 1.96136 1.96936 0.224067  2048 2048 392 0 0 87.7543 1.19466 59.9857 13.7638 0.9375 0.213867
3.94604 12.2336 4.96658 15.432 31.0266 32.9051 0.641133 0.641987 0.12653 0.266732 8.41334 1.96136 1.70879 0.224067  2048 2048 415 0 0 88.2377 1.30877 59.9857 13.6262 1.21631 0.269043
3.94604 10.0308 4.96658 12.0762 31.0266 32.9051 0.216315 1.29002 0.09888 0.781884 8.41334 1.96136 1.70879 0.224067  2048 2048 385 0 0 87.6376 1.19171 59.9857 13.2846 1.15088 0.38623
3.94604 12.2336 4.96658 12.0762 31.0266 32.9051 0.641133 1.29002 0.12653 0.781884 8.41334 1.96136 1.74425 1.54564  2048 2048 378 0 0 87.1375 1.15821 59.9857 12.782 1.56738 0.594238
3.94604 6.55904 4.96658 16.8975 31.0266 32.9051 0.641133 0.641987 0.12653 0.781884 8.41334 1.5031 1.70879 0.224067  2048 2048 378 0 0 86.8374 1.12162 59.9857 13.037 1.69873 0.0522461
3.94604 10.0308 4.96658 16.8975 31.0266 32.9051 0.216315 1.29002 0.12653 0.781884 8.41334 1.96136 1.74425 0.224067  2048 2048 384 0 0 87.0875 1.20049 59.9857 13.5319 0.972168 0.113281
3.94604 10.0308 4.96658 15.432 31.0266 32.9051 0.216315 0.641987 0.12653 0.781884 8.41334 1.96136 1.70879 0.224067  2048 2048 396 0 0 86.9208 1.14062 59.9857 13.3038 1.19971 0.15918
3.94604 6.55904 4.96658 15.432 31.0266 32.9051 0.216315 0.641987 0.09888 0.781884 8.41334 1.96136 0.330332 0.224067  2048 2048 378 0 0 85.4038 1.1664 59.9856 13.1674 1.3042 0.0268555
3.94604 12.2336 4.96658 16.8975 31.0266 32.9051 0.641133 1.29002 0.12653 0.781884 13.2694 1.96136 1.70879 0.224067  2048 2048 385 0 0 97.2896 1.21114 59.9858 13.2402 0.620605 0.230469
3.94604 10.0308 4.96658 15.432 31.0266 32.9051 0.641133 0.641987 0.12653 0.781884 8.41334 1.96136 1.74425 0.224067  2048 2048 385 0 0 86.604 1.14041 59.9857 13.2926 1.05957 0.143066
3.94604 6.55904 4.96658 15.432 3.29447 31.0266 0.641133 1.29002 0.09888 0.781884 8.41334 1.96136 1.70879 0.224067  2048 995 2293 265 0 409.611 17.711 60.0057 46.5863 31.5552 1.49609
3.94604 10.0308 4.96658 12.0762 26.87 32.9051 0.216315 1.29002 0.12653 0.781884 8.41334 1.96136 1.74425 0.224067  2048 2048 386 0 0 88.4377 1.23263 59.9857 13.6428 1.86572 0.360352
3.94604 12.2336 4.96658 15.432 31.0266 32.9051 0.641133 0.641987 0.12653 0.781884 8.41334 1.96136 1.70879 0.224067  2048 2048 417 1 0 89.2713 1.19065 59.9857 13.6171 1.18359 0.268066
3.94604 12.2336 4.96658 15.432 31.0266 32.9051 0.641133 0.641987 0.09888 0.266732 8.41334 1.96136 1.70879 0.224067  2048 2048 429 0 0 88.0043 1.18684 59.9857 13.7189 1.18799 0.273926
3.94604 12.2336 4.96658 16.8975 31.0266 32.9051 0.216315 1.29002 0.12653 0.781884 8.41334 1.96136 1.74425 0.224067  2048 2048 402 0 0 88.5211 1.21828 59.9857 13.8762 1.05908 0.194824
3.94604 6.55904 6.83828 15.432 31.0266 32.9051 0.641133 0.641987 0.12653 0.266732 8.41334 0.10773 1.70879 0.224067  2048 2048 385 0 0 92.0218 1.44752 59.9858 16.3565 9.03027 0
6.03504 6.55904 4.96658 15.432 32.9051 39.3872 0.641133 0.641987 0.12653 8.41334 15.0401 1.96136 1.70879 0.224067  2048 2046 1190 179 0 409.611 3.23981 59.9891 30.1035 6.25488 174.486
3.94604 12.2336 4.96658 15.432 31.0266 32.9051 0.641133 1.29002 0.09888 0.781884 8.41334 1.96136 0.330332 0.224067  2048 2048 415 0 0 91.6384 1.27166 59.9858 14.443 1.1499 0.358887
3.94604 12.2336 4.96658 16.8975 31.0266 32.9051 0.641133 0.051149 0.12653 0.781884 8.41334 1.96136 1.96936 0.224067  2048 2048 505 17 0 90.2715 1.17899 59.9857 13.608 1.39551 0.166504
3.94604 12.2336 4.96658 15.432 31.0266 32.9051 0.641133 1.29002 0.12653 0.781884 8.41334 1.5031 1.70879 0.224067  2048 2048 394 0 0 88.4711 1.26046 59.9857 13.9568 1.01172 0.363281
3.94604 10.0308 4.96658 12.0762 31.0266 32.9051 0.216315 1.29002 0.12653 0.781884 8.41334 1.96136 0.211066 0.224067  2048 2048 386 0 0 88.6711 1.18851 59.9857 13.6784 1.08594 0.432129
3.94604 12.2336 4.96658 15.432 31.0266 32.9051 0.641133 1.29002 0.09888 0.781884 8.41334 0.28193 1.96936 0.224067  2048 2048 394 1 0 90.2548 1.27052 59.9857 14.7706 0.632324 1.04248
3.94604 6.55904 4.96658 19.1607 31.0266 32.9051 0.641133 0.641987 0.12653 8.41334 18.894 1.96136 1.70879 0.224067  2048 2047 371 0 0 409.611 2.32405 59.9859 16.1288 3.8501 0.712402
3.94604 12.2336 4.96658 16.8975 31.0266 32.9051 0.641133 0.641987 0.12653 0.781884 8.41334 1.96136 0.330332 0.224067  2048 2048 440 2 0 91.0883 1.27469 59.9857 14.1114 1.10449 0.163574
3.94604 10.0308 4.96658 15.432 31.0266 32.9051 0.641133 0.641987 0.12653 0.266732 8.41334 1.96136 1.70879 0.224067  2048 2048 386 0 0 87.8043 1.16245 59.9857 13.3115 1.0415 0.15332
3.94604 6.55904 4.96658 15.432 31.0266 32.9051 0.641133 0.641987 0.12653 0.266732 8.41334 1.5031 0.927335 0.224067  2048 2048 379 0 0 87.6876 1.14429 59.9857 13.1984 1.11035 0.141113
6.65822 9.36247 2.89682 1.53325 28.1396 32.4747 0.257088 0.824366 0.849086 5.90716 17.5848 0.880276 0.249275 0.639485  2048 2046 879 776 0 409.611 2.7106 59.9861 22.1684 13.7544 194.277
6.73666 4.7792 8.27418 4.2494 4.79293 18.0334 0.457778 1.82629 1.32658 9.92035 15.4619 0.0828272 0.323496 1.70482  2048 2045 3603 686 0 409.611 4.95528 60.0026 51.4635 283.013 209.508
6.4272 2.6722 2.29163 5.52629 25.8873 49.6063 0.862941 1.30137 1.01517 10.2756 18.0529 1.19852 0.326853 0.555986  2048 759 4844 395 0 409.611 19.2873 60.0057 31.05 193.656 208.721
7.05924 0.571917 9.76867 13.5124 26.9768 28.5775 0.542375 1.72057 0.335887 4.76882 17.8301 0.606525 1.12473 1.96203  2048 2009 1090 1921 0 409.611 3.0454 60.0057 14.0919 190.282 0
5.99597 4.65957 0.269173 11.5592 29.0414 37.0327 1.69433 1.99139 1.93561 5.76373 16.6625 0.163579 1.57689 0.428419  2048 2046 2705 69 0 409.611 9.8222 59.9986 122.614 2322.58 290.749
3.75713 16.9518 2.43873 1.51738 32.3817 41.905 1.44566 1.36076 1.06497 9.16471 12.4326 0.0293588 1.02255 1.85913  2048 2045 2687 74 0 409.611 12.3339 60.0012 155.051 2268.49 365.913
2.33253 5.9682 7.1865 9.55168 2.08594 31.3257 0.279427 0.000366222 0.221015 1.18107 10.5594 1.05795 0.378002 1.44377  2048 1551 6648 623 0 409.611 12.0505 60.0057 81.8746 3222.76 0.89502
9.17722 8.93033 5.12742 17.036 11.7267 17.3437 0.693625 0.960295 1.49736 4.67971 10.3214 0.246651 0.877102 0.178045  2048 2047 938 1038 0 409.611 1.98391 59.986 12.2597 5.86279 71.5176
8.27265 12.1909 5.74297 6.77023 26.9723 39.5291 0.918973 0.507157 1.09207 0.377209 2.64779 1.62542 0.802026 0.475967  2048 2047 740 314 0 409.611 2.29053 59.9859 16.5056 17.2832 8.5957
8.87631 1.16031 8.858 15.9069 7.95618 23.8716 1.46501 1.04117 0.894253 8.86197 13.6882 0.208625 0.837001 0.47615  2048 1906 6147 1407 0 409.611 8.35481 60.0057 73.5201 294.181 67.4253
