57 1
2.51839 1.66875 5.51622 2.06305 0.154118 6.63167 0.476882 0.909879 0.612568 2.47505 19.212 1.15439 1.55211 1.49376  2048 2048 394 0 1028 123.695 3.39335 59.9861 12.7249 21.2075 5.53271
2.51839 1.66875 5.51622 2.06305 0.154118 6.63167 0.476882 0.909879 0.612568 2.47505 19.212 0.684286 1.55211 1.49376  2048 2048 395 0 1030 124.045 3.32407 59.9861 13.2402 30.8022 7.75391
2.51839 1.66875 1.56346 1.31291 0.154118 6.63167 0.476882 0.909879 0.360851 2.47505 19.212 1.15439 1.55211 1.49376  2048 2048 395 0 1024 126.313 3.33985 59.9861 13.625 34.1011 9.0332
2.51839 1.66875 1.56346 1.31291 6.21662 6.63167 0.476882 0.891995 1.80389 2.30232 17.7459 1.15439 1.55211 1.49376  2048 2048 395 0 1097 127.746 3.25734 59.9862 14.344 25.6201 5.7666
2.51839 8.44936 1.56346 3.50658 6.21662 6.63167 0.476882 0.891995 1.80389 2.47505 17.7459 1.15439 1.55211 1.87036  2048 2048 395 0 1146 130.262 3.43657 59.9867 15.3595 13.4268 6.35498
2.51839 1.66875 1.56346 3.50658 6.21662 6.63167 0.476882 0.909879 1.80389 0.664083 19.212 1.15439 1.55211 1.52464  2048 2048 395 0 1110 125.629 3.35162 59.9861 14.0112 26.4058 3.51221
2.09937 1.66875 5.51622 2.06305 6.21662 6.63167 0.844569 0.909879 0.612568 2.47505 17.7459 0.684286 1.55211 1.87036  2048 2048 394 0 1068 129.679 3.3697 59.9865 15.1612 40.6875 2.70703
2.51839 8.44936 1.56346 2.06305 6.21662 6.63167 0.476882 0.891995 1.80389 0.664083 19.212 0.684286 1.55211 1.52464  2048 2048 395 0 1178 128.563 3.29384 59.9863 14.8902 13.6514 3.77246
2.51839 1.66875 5.51622 2.06305 6.21662 6.63167 0.953703 0.909879 0.612568 2.47505 19.212 0.684286 1.55211 1.49376  2048 2048 394 0 1070 127.563 3.22037 59.9862 14.9599 43.4512 5.47363
2.09937 1.66875 5.51622 1.31291 0.154118 6.63167 0.476882 0.382153 0.360851 2.47505 19.212 1.15439 1.55211 1.49376  2048 2048 394 0 1023 124.479 3.24677 59.9861 13.9406 53.9116 8.56055
2.09937 1.66875 5.51622 2.06305 6.21662 6.63167 0.844569 0.909879 0.612568 2.47505 3.71593 0.640828 1.55211 1.87036  2048 2044 398 0 2044 409.611 5.63433 59.9861 11.3741 11.8926 3.06592
2.51839 1.66875 5.51622 2.06305 6.21662 6.63167 0.844569 0.909879 0.612568 2.47505 19.212 1.15439 1.55211 1.52464  2048 2048 394 0 1316 126.713 3.2888 59.9861 14.837 39.0933 5.63916
2.51839 1.66875 1.56346 2.06305 6.21662 6.63167 0.476882 0.909879 1.80389 2.47505 19.212 0.684286 1.55211 1.49376  2048 2048 394 0 1027 128.196 3.38758 59.9862 15.4493 50.0327 9.53809
2.51839 1.66875 5.51622 1.31291 6.21662 6.63167 0.476882 0.909879 0.612568 2.47505 19.212 0.684286 1.55211 1.49376  2048 2048 394 0 1137 126.896 3.68552 59.9861 15.3807 48.5449 7.10889
2.51839 1.66875 1.56346 1.31291 6.21662 6.63167 0.476882 0.891995 1.80389 2.30232 17.7459 1.15439 1.55211 1.87036  2048 2048 395 0 1016 127.896 3.62873 59.9862 14.4467 20.1812 3.55127
2.51839 1.66875 7.75689 2.06305 0.154118 6.63167 0.476882 0.909879 0.360851 2.47505 19.212 0.684286 1.55211 1.49376  2048 2048 396 0 1756 124.395 3.6556 59.9861 13.8734 46.7954 10.7275
2.51839 1.66875 5.51622 3.50658 6.21662 6.63167 0.476882 0.909879 0.612568 2.47505 17.7459 1.15439 1.55211 1.49376  2048 2048 395 0 1432 129.396 3.82314 59.9865 14.3013 27.3081 1.02783
2.09937 1.66875 5.51622 3.50658 6.21662 6.63167 0.476882 0.382153 1.80389 2.47505 17.7459 1.15439 1.55211 1.49376  2048 2048 395 0 1320 127.896 3.62773 59.9862 14.1062 29.1675 0.796875
2.51839 1.66875 1.56346 2.06305 6.21662 6.63167 0.476882 0.909879 0.612568 2.47505 17.7459 0.684286 1.55211 1.77502  2048 2048 394 0 1106 133.478 3.84388 59.9873 16.1027 49.9565 8.1626
2.51839 1.66875 5.09995 3.50658 6.21662 6.63167 0.476882 0.909879 1.80389 0.664083 19.212 1.15439 1.55211 1.49376  2048 2048 394 0 1103 126.246 3.50164 59.9861 13.8349 27.6812 1.82471
2.51839 8.44936 1.56346 3.50658 6.21662 6.63167 0.476882 0.909879 1.80389 0.664083 19.212 1.15439 1.55211 1.52464  2048 2048 395 0 1334 127.563 3.31079 59.9862 14.3441 12.5435 3.27881
2.51839 8.44936 1.56346 1.31291 0.154118 6.63167 0.476882 0.891995 1.80389 2.47505 17.7459 1.15439 1.55211 1.49376  2048 2048 395 0 1955 124.212 3.15882 59.9861 12.622 5.20557 10.2241
2.51839 8.44936 5.51622 2.06305 0.154118 6.63167 0.476882 0.891995 1.80389 2.47505 19.212 0.684286 1.55211 1.49376  2048 2048 397 0 1992 126.313 3.23125 59.9861 12.8307 4.4834 9.67578
2.51839 1.66875 5.51622 2.06305 6.63167 20.3253 0.953703 0.909879 0.612568 2.47505 14.8247 0.684286 1.55211 1.49376  2048 2048 399 0 2048 121.078 2.88833 59.9861 10.6205 3.40039 1.77344
2.09937 1.66875 5.51622 2.06305 6.21662 6.63167 0.476882 0.891995 0.612568 0.664083 19.212 0.684286 1.55211 1.87036  2048 2048 393 0 1216 133.478 3.35145 59.9873 15.3794 53.6611 3.39209
2.51839 1.66875 5.51622 1.31291 0.154118 6.63167 0.476882 0.382153 0.360851 2.47505 19.212 0.684286 1.55211 1.49376  2048 2048 394 0 1020 125.629 3.35114 59.9861 14.3111 55.0986 10.4233
2.51839 1.66875 1.56346 3.50658 6.21662 6.63167 0.476882 0.909879 1.80389 0.664083 19.212 1.15439 1.55211 1.34062  2048 2048 395 0 1128 125.146 3.13642 59.9861 13.6383 21.4561 3.20361
2.51839 1.66875 1.56346 2.06305 0.154118 6.63167 0.476882 0.891995 0.360851 0.664083 19.212 1.15439 1.55211 1.49376  2048 2048 395 0 1186 124.129 3.13523 59.9861 12.8558 23.3955 4.44385
2.51839 1.66875 5.51622 1.31291 6.21662 6.63167 0.476882 0.382153 0.360851 2.47505 19.212 1.15439 1.55211 1.49376  2048 2048 394 0 1336 127.963 3.27342 59.9862 14.872 36.1611 5.63818
2.51839 1.66875 5.51622 2.06305 6.21662 6.63167 0.476882 0.909879 0.612568 2.47505 19.212 1.15439 1.55211 1.49376  2048 2048 394 0 1339 127.196 3.23527 59.9862 14.771 36.8691 5.04395
2.09937 1.66875 1.56346 1.31291 0.154118 6.63167 0.476882 0.382153 0.360851 2.47505 19.212 1.15439 1.55211 1.49376  2048 2048 395 0 1021 127.229 3.37005 59.9862 14.7088 64.6758 11.1113
2.09937 1.66875 5.51622 2.06305 0.154118 6.63167 0.476882 0.382153 0.360851 2.47505 19.212 1.15439 1.55211 1.49376  2048 2048 394 0 1047 123.945 3.27295 59.9861 13.7603 53.5381 7.44189
2.09937 8.44936 5.51622 2.06305 6.21662 6.63167 0.844569 0.891995 0.612568 2.47505 17.7459 0.684286 1.55211 1.52464  2048 2048 395 0 1311 129.063 3.27183 59.9864 15.0051 20.9858 4.16162
2.09937 1.66875 1.8601 1.31291 0.154118 6.63167 0.476882 0.382153 0.360851 2.47505 19.212 1.15439 1.55211 1.49376  2048 2048 395 0 1036 126.246 3.38435 59.9861 14.7063 63.167 11.0459
2.51839 8.44936 1.56346 1.31291 0.154118 6.63167 0.476882 0.891995 0.360851 2.47505 17.7459 1.15439 1.55211 1.87036  2048 2048 395 0 1378 128.096 3.40254 59.9862 14.8969 19.7915 15.0376
2.51839 1.66875 5.51622 2.06305 6.21662 6.63167 0.476882 0.891995 1.63524 2.47505 17.7459 0.684286 1.55211 1.52464  2048 2048 394 0 1136 127.563 3.24429 59.9862 14.3637 25.6318 2.93213
2.51839 1.66875 1.56346 15.7079 0.154118 6.63167 0.476882 0.909879 0.360851 2.47505 19.212 1.15439 1.55211 1.52464  2048 2048 395 0 1046 125.296 3.28913 59.9861 13.6083 36.9214 9.37012
2.51839 8.44936 5.51622 2.06305 0.154118 6.63167 0.476882 0.891995 0.612568 0.664083 19.212 0.684286 1.55211 1.52464  2048 2048 396 0 1133 124.445 3.14748 59.9861 12.7466 6.9917 3.63525
2.09937 10.2255 5.51622 2.06305 0.154118 6.63167 0.476882 0.382153 1.80389 2.47505 11.4634 0.684286 1.55211 1.49376  2048 2048 396 0 2020 124.445 2.96326 59.9861 11.3637 1.80029 4.08545
2.09937 1.66875 1.56346 2.06305 0.154118 6.63167 0.476882 0.909879 0.612568 2.47505 17.7459 1.15439 1.55211 1.49376  2048 2048 394 0 1352 126.313 3.22869 59.9861 13.5889 40.3135 13.4526
2.51839 1.66875 1.56346 1.31291 0.154118 6.63167 0.476882 0.891995 1.80389 2.47505 17.7459 1.15439 1.55211 1.49376  2048 2048 394 0 1962 123.229 3.08331 59.9861 12.5052 18.0562 11.5591
2.09937 1.66875 5.51622 2.06305 6.21662 6.63167 0.844569 0.909879 0.612568 2.47505 19.212 0.684286 1.55211 1.87036  2048 2048 394 0 1123 128.479 3.35256 59.9863 15.9167 67.4209 6.69385
2.51839 1.66875 1.56346 2.06305 6.21662 6.63167 0.476882 0.891995 1.80389 10.4373 19.212 1.27476 1.55211 1.52464  2048 2048 394 0 1293 144.042 3.89272 59.9893 19.7678 118.635 18.5879
2.51839 1.66875 5.51622 1.31291 0.154118 6.63167 0.476882 0.382153 0.612568 2.47505 19.212 1.15439 1.55211 1.49376  2048 2048 394 0 1020 124.295 3.2359 59.9861 13.5085 32.2539 7.22754
2.09937 1.66875 5.51622 2.06305 6.21662 6.63167 0.844569 0.909879 1.80389 0.664083 17.7459 0.684286 1.55211 1.52464  2048 2048 394 0 1202 125.629 3.07912 59.9861 13.7576 25.9209 2.34131
2.51839 1.66875 1.56346 3.50658 6.21662 6.63167 0.844569 0.909879 1.80389 2.47505 19.212 1.15439 1.55211 1.52464  2048 2048 395 0 1068 126.546 3.22939 59.9861 14.8608 38.604 8.51221
2.51839 1.66875 1.56346 2.06305 0.154118 6.63167 0.476882 0.891995 0.612568 2.47505 17.7459 1.15439 1.55211 1.49376  2048 2048 394 0 1333 125.296 3.57903 59.9861 13.5124 30.7783 12.3916
8.94925 4.39344 5.51622 1.31291 6.21662 6.63167 0.947722 0.891995 0.612568 2.30232 17.7459 1.15439 1.55211 1.49376  2048 2048 793 571 1160 168.77 4.33744 59.993 15.5185 6.21387 58.21
2.51839 10.2445 1.56346 2.06305 6.21662 6.63167 0.476882 0.909879 1.80389 2.47505 19.212 1.15439 1.55211 1.52464  2048 2048 395 0 1282 129.996 4.02813 59.9866 15.5071 12.9902 7.71875
2.51839 1.66875 1.56346 2.06305 6.21662 6.63167 0.476882 0.909879 0.612568 0.664083 19.212 0.684286 1.55211 1.52464  2048 2048 394 0 1220 128.313 3.61834 59.9862 15.1154 41.9272 4.74121
2.51839 1.66875 1.56346 2.06305 0.154118 6.63167 0.476882 0.909879 0.612568 0.664083 19.212 0.684286 1.55211 1.49376  2048 2048 394 0 1030 125.296 3.1641 59.9861 12.643 16.2212 4.33252
2.09937 1.66875 5.51622 2.06305 6.21662 6.63167 0.844569 0.909879 0.612568 2.47505 17.7459 0.684286 1.55211 1.49376  2048 2048 394 0 1130 128.196 3.14718 59.9862 14.638 35.416 3.09717
2.09937 1.66875 5.51622 1.31291 0.154118 6.63167 0.476882 0.382153 0.612568 2.47505 19.212 1.15439 1.55211 1.49376  2048 2048 394 0 1035 124.045 2.90375 59.9861 13.5069 42.0332 7.43359
2.09937 1.66875 1.56346 1.31291 0.154118 6.63167 0.476882 0.891995 1.80389 0.664083 19.212 1.15439 1.55211 1.52464  2048 2048 394 0 1794 122.828 2.7187 59.9861 12.5777 19.1177 4.53027
2.51839 1.66875 5.51622 2.06305 6.21662 6.63167 0.476882 0.909879 0.612568 2.47505 17.7459 0.684286 1.55211 1.87036  2048 2048 394 0 1100 132.245 3.00193 59.9871 15.4146 39.2305 3.04297
0.252083 1.66875 1.56346 1.31291 0.154118 6.63167 0.476882 0.382153 1.80389 2.30232 17.7459 1.15439 1.55211 1.49376  2048 2048 395 0 1345 125.879 2.81542 59.9861 13.2693 41.7632 9.55566
2.51839 8.44936 5.51622 2.06305 6.21662 29.487 0.476882 0.891995 1.80389 2.47505 19.212 1.15439 1.55211 1.49376  2048 2048 433 0 2048 122.828 2.64675 59.9861 11.2042 3.93018 4.43311
