100 2
2.74117 14.5885 1.54424 4.79324 1.5949 0.497757 1.86663 9.27091 -0.495376 7.08182 4.15845 0.399792 4.53627 0.658589 1.28776 0.349742  2048 2048 453 0 0 106.342 2.08946 59.986 9.56865 0.0664063 0.0678711
2.74117 14.5885 1.54424 4.79324 1.5949 1.635 1.86663 9.27091 -0.495376 7.28263 4.15845 0.399792 4.53627 0.658589 0.113041 1.20414  2048 2048 451 0 0 106.658 2.10977 59.986 9.52843 0.0683594 0.0673828
2.74117 14.5885 1.54424 4.79324 1.5949 0.497757 1.86663 9.27091 -0.495376 7.08182 4.15845 0.399792 4.53627 0.658589 1.28776 0.392468  2048 2048 453 0 0 106.342 2.16945 59.986 9.56466 0.0673828 0.0683594
2.74117 14.5885 1.54424 4.79324 1.5949 0.693747 1.86663 9.27091 -0.495376 7.08182 4.15845 0.399792 4.53627 0.658589 1.28776 0.392468  2048 2048 453 0 0 106.408 2.12799 59.986 9.53888 0.0678711 0.0693359
2.74117 14.5885 1.54424 4.79324 1.5949 0.497757 1.86663 8.04224 -0.495376 7.08182 4.15845 0.399792 4.53627 0.658589 1.28776 0.349742  2048 2048 456 0 0 106.275 2.22042 59.986 9.7124 0.0644531 0.0693359
2.74117 14.5885 1.54424 4.79324 1.5949 0.497757 1.86663 9.27091 -0.495376 7.08182 4.15845 0.399792 4.53627 0.658589 1.28776 0.392468  2048 2048 453 0 0 106.342 2.38848 59.986 9.56409 0.0683594 0.0673828
2.74117 14.5885 1.54424 4.79324 1.5949 0.497757 1.86663 9.27091 -0.495376 7.08182 4.15845 0.399792 4.53627 0.658589 1.28776 0.349742  2048 2048 453 0 0 106.342 2.13136 59.986 9.56738 0.0688477 0.0678711
2.74117 14.5885 1.54424 4.79324 1.5949 1.635 1.86663 9.27091 -0.495376 7.28263 4.15845 0.399792 4.944 0.658589 0.113041 1.15244  2048 2048 451 0 0 106.658 2.15557 59.986 9.516 0.0703125 0.0678711
2.74117 14.5885 1.54424 4.79324 1.5949 1.16092 1.86663 9.27091 -0.495376 7.08182 4.15845 0.399792 4.53627 0.658589 1.28776 0.349742  2048 2048 449 0 0 106.592 2.3438 59.986 9.4842 0.0693359 0.0722656
2.74117 14.5885 1.54424 4.79324 1.5949 0.497757 1.86663 9.27091 -0.495376 7.08182 4.15845 0.399792 4.944 0.658589 0.113041 1.15244  2048 2048 458 0 0 105.808 2.21156 59.9859 9.5832 0.0693359 0.0673828
2.74117 14.5885 1.54424 4.79324 1.5949 1.635 1.86663 9.27091 -0.495376 7.28263 4.15845 0.399792 4.53627 0.658589 1.53655 1.20414  2048 2048 448 0 0 105.225 2.31815 59.9859 9.44686 0.0913086 0.0664063
2.74117 14.5885 1.54424 4.79324 1.5949 1.635 1.86663 8.04224 -0.495376 7.28263 4.15845 0.399792 4.53627 0.658589 1.28776 0.349742  2048 2048 454 0 0 106.042 2.28311 59.9859 9.67898 0.0756836 0.0698242
2.74117 14.5885 1.54424 16.7602 1.5949 0.497757 1.86663 9.27091 -0.495376 7.08182 4.15845 4.53627 19.3213 0.658589 1.28776 0.349742  2048 2048 530 0 0 161.338 7.14669 59.992 45.0626 729.296 42.3589
2.74117 14.5885 1.54424 4.79324 1.5949 0.497757 1.86663 9.27091 -0.495376 7.28263 4.15845 0.399792 4.944 0.658589 0.113041 1.15244  2048 2048 460 0 0 105.258 2.23896 59.9859 9.62725 0.0917969 0.0625
2.74117 6.97226 1.54424 8.1344 1.5949 1.635 1.86663 9.27091 -0.495376 7.28263 4.15845 0.399792 4.944 0.658589 0.113041 1.15244  2048 2048 460 0 0 104.975 2.3523 59.9859 10.7819 2.68115 1.55469
2.74117 14.5885 1.54424 4.79324 1.5949 0.497757 1.86663 9.27091 -0.495376 7.08182 4.15845 0.399792 4.944 0.658589 1.28776 0.349742  2048 2048 450 0 0 106.425 2.31131 59.986 9.54738 0.0996094 0.0693359
2.74117 14.5885 1.54424 4.79324 1.5949 1.16092 1.86663 9.27091 -0.495376 7.08182 4.15845 0.399792 4.53627 0.658589 0.668844 0.349742  2048 2048 451 0 0 106.592 2.28303 59.986 9.50109 0.078125 0.0703125
2.74117 14.5885 1.54424 4.79324 1.5949 1.16092 1.86663 9.27091 -0.495376 7.08182 4.15845 0.399792 4.53627 0.658589 0.113041 1.15244  2048 2048 453 0 0 106.525 2.3399 59.986 9.50603 0.0849609 0.0712891
2.74117 14.5885 1.54424 4.79324 1.5949 0.497757 1.86663 9.27091 -0.495376 9.40611 4.15845 0.399792 4.944 0.658589 0.113041 1.15244  2048 2048 466 0 0 108.342 2.46409 59.986 10.0475 0.223633 0.0405273
2.74117 14.257 1.54424 4.79324 1.5949 1.16092 1.86663 9.27091 -0.495376 7.08182 0.0720237 0.399792 4.53627 0.658589 1.28776 0.349742  2048 2048 439 0 0 103.458 2.29193 59.9859 8.84075 0.714355 3.64258
2.74117 14.5885 1.54424 4.79324 1.5949 1.635 1.86663 9.27091 -0.495376 7.28263 4.15845 0.399792 4.944 0.658589 1.28776 0.392468  2048 2048 450 0 0 106.025 2.36272 59.9859 9.47661 0.117188 0.0683594
2.74117 14.5885 1.54424 4.79324 1.5949 1.635 1.86663 9.27091 -0.495376 7.08182 4.15845 0.399792 4.53627 0.658589 0.113041 1.20414  2048 2048 453 0 0 106.175 2.20898 59.9859 9.48114 0.0820313 0.0766602
2.74117 14.5885 1.54424 4.79324 1.5949 1.16092 1.86663 8.04224 -0.495376 7.08182 4.15845 0.399792 4.53627 0.658589 1.28776 0.349742  2048 2048 451 0 0 105.858 2.41323 59.9859 9.64268 0.0634766 0.0712891
2.74117 14.5885 1.54424 4.79324 1.5949 1.635 1.86663 9.27091 0.956603 7.28263 4.15845 4.944 18.5534 0.658589 0.113041 1.15244  2048 2048 1548 0 0 168.57 6.16414 59.993 34.6402 11.6807 6.76025
2.74117 14.5885 1.54424 4.79324 1.5949 1.635 1.86663 9.27091 -0.495376 7.08182 4.15845 0.399792 4.53627 0.658589 0.113041 1.20414  2048 2048 453 0 0 106.192 2.11149 59.9859 9.48225 0.0839844 0.0771484
2.74117 14.5885 1.54424 4.79324 1.5949 0.497757 1.86663 9.27091 -0.495376 7.28263 4.15845 0.399792 4.944 0.658589 1.28776 0.349742  2048 2048 453 0 0 106.375 2.16281 59.986 9.59785 0.0839844 0.0600586
2.74117 14.5885 1.54424 4.79324 1.5949 0.497757 1.86663 9.27091 -0.495376 7.08182 4.15845 0.399792 4.53627 0.658589 0.113041 1.15244  2048 2048 460 0 0 105.325 2.38695 59.9859 9.59503 0.0810547 0.0678711
2.74117 14.5885 1.54424 4.79324 1.5949 1.635 1.86663 9.27091 -0.495376 7.08182 4.15845 0.399792 4.53627 0.658589 1.28776 0.349742  2048 2048 450 0 0 106.092 2.25772 59.9859 9.45787 0.0800781 0.0786133
2.74117 14.5885 1.54424 4.79324 1.5949 0.497757 1.86663 9.27091 -0.495376 7.08182 4.15845 0.399792 4.944 0.658589 1.28776 1.15244  2048 2048 448 0 0 104.941 2.13515 59.9859 9.48026 0.126465 0.0703125
2.74117 14.5885 1.54424 4.79324 1.5949 1.16092 1.86663 9.27091 -0.495376 7.08182 4.15845 0.399792 4.53627 0.658589 1.28776 0.392468  2048 2048 449 0 0 106.592 2.20673 59.986 9.48104 0.0751953 0.0722656
2.74117 14.5885 1.54424 4.79324 1.5949 0.497757 1.86663 9.27091 -0.495376 7.08182 4.15845 0.399792 4.53627 0.658589 0.113041 1.15244  2048 2048 460 0 0 105.308 2.35585 59.9859 9.59513 0.078125 0.0678711
2.74117 14.5885 1.54424 4.79324 1.5949 1.635 1.86663 9.27091 -0.495376 7.08182 4.15845 0.399792 4.53627 0.658589 1.28776 0.392468  2048 2048 450 0 0 106.092 2.12855 59.9859 9.4526 0.0849609 0.0766602
2.74117 14.5885 1.54424 4.79324 1.5949 0.497757 1.86663 9.27091 -0.495376 7.08182 4.15845 0.399792 4.53627 0.658589 1.96026 0.392468  2048 2048 449 0 0 106.525 2.19805 59.986 9.54125 0.0761719 0.0693359
2.74117 14.5885 1.54424 4.79324 1.5949 0.497757 1.86663 9.27091 -0.495376 7.28263 4.15845 0.399792 4.53627 0.658589 1.28776 0.349742  2048 2048 454 0 0 106.375 2.14996 59.986 9.62035 0.0771484 0.0610352
9.2758 14.5885 1.54424 4.79324 1.5949 1.16092 1.86663 9.27091 -0.495376 7.08182 4.15845 0.399792 4.53627 0.658589 1.28776 0.349742  2048 2048 1073 1106 0 157.256 3.06974 59.9915 12.33 10.9126 5.94775
2.74117 14.5885 1.54424 4.79324 1.5949 0.497757 1.86663 8.04224 -0.495376 7.08182 4.15845 0.399792 4.53627 1.66277 1.28776 0.430616  2048 2048 451 0 0 106.025 2.30739 59.9859 9.67864 0.118164 0.0712891
2.74117 14.5885 1.54424 4.79324 1.5949 1.635 1.86663 9.27091 -0.495376 7.28263 4.15845 0.399792 4.53627 0.658589 1.28776 0.392468  2048 2048 453 0 0 106.258 2.19128 59.986 9.49988 0.078125 0.0688477
2.74117 14.5885 1.54424 4.79324 1.5949 0.497757 1.86663 9.27091 -0.495376 7.28263 4.15845 0.399792 4.53627 0.658589 0.113041 1.20414  2048 2048 460 0 0 105.508 2.14257 59.9859 9.64254 0.0917969 0.0625
2.74117 14.5885 1.54424 4.79324 1.5949 1.635 1.86663 9.27091 -0.495376 7.08182 4.15845 0.399792 4.944 1.60082 0.668172 1.15244  2048 2048 447 0 0 105.258 2.15492 59.9859 9.37981 0.0888672 0.0742188
6.42048 14.5885 1.54424 4.79324 1.5949 0.497757 1.86663 8.04224 -0.495376 7.08182 4.15845 0.399792 4.53627 0.658589 1.28776 0.349742  2048 2048 854 611 0 133.795 3.13938 59.9874 13.4741 5.41309 4.88574
2.74117 14.5885 1.54424 4.79324 0.152287 1.16092 1.86663 9.27091 -0.495376 7.08182 4.15845 0.399792 4.53627 0.658589 1.28776 0.392468  2048 2048 450 0 0 106.525 3.00048 59.986 9.6077 0.0791016 0.0732422
2.74117 14.5885 1.54424 4.79324 1.5949 0.497757 1.86663 9.27091 -0.495376 7.08182 4.15845 0.399792 4.53627 0.658589 0.769005 0.349742  2048 2048 456 0 0 106.192 2.36295 59.9859 9.59836 0.0732422 0.0703125
2.74117 14.5885 1.54424 4.79324 1.5949 0.497757 1.86663 9.27091 -0.495376 7.08182 4.15845 0.399792 4.944 0.658589 0.113041 0.392468  2048 2048 460 0 0 105.358 2.22959 59.9859 9.61213 0.0761719 0.0678711
2.74117 14.5885 1.54424 4.79324 1.5949 1.635 1.86663 9.27091 -0.495376 7.28263 4.15845 0.399792 4.944 0.658589 0.113041 1.20414  2048 2048 451 0 0 106.658 2.77201 59.986 9.51673 0.081543 0.0678711
5.95141 14.5885 1.54424 4.79324 1.5949 0.693747 1.86663 9.27091 -0.495376 7.08182 4.15845 0.399792 4.53627 0.658589 1.28776 0.392468  2048 2048 769 440 0 125.829 2.94351 59.9861 12.5813 3.10938 4.32813
2.74117 14.5885 1.54424 4.79324 1.5949 0.497757 0.0515152 9.27091 -0.495376 7.08182 4.15845 0.399792 4.53627 0.658589 1.28776 0.349742  2048 2048 450 0 0 105.858 2.29465 59.9859 10.8374 3.89795 1.06348
2.74117 14.5885 1.54424 4.79324 1.5949 0.497757 1.86663 9.27091 -0.495376 5.91571 4.15845 0.399792 4.53627 0.658589 1.28776 0.392468  2048 2048 443 0 0 104.591 2.16517 59.9859 9.28606 0.0883789 0.336914
2.74117 14.5885 1.54424 4.79324 1.5949 0.497757 1.86663 9.27091 -0.495376 0.83346 4.15845 0.399792 4.53627 0.658589 1.28776 1.15244  2048 2048 435 0 0 102.707 2.02626 59.9859 8.79178 0.621582 3.50391
2.74117 14.5885 1.54424 17.5933 1.5949 0.497757 1.86663 9.27091 -0.495376 7.08182 4.15845 0.399792 4.53627 0.658589 1.28776 0.349742  2048 2048 489 0 0 119.228 3.88272 59.9861 22.0067 57.3877 7.2876
2.74117 14.5885 1.54424 4.79324 1.5949 0.482131 1.86663 9.27091 -0.495376 7.08182 8.28455 0.399792 4.53627 0.658589 1.28776 0.349742  2048 2048 465 0 0 107.442 2.16468 59.986 9.89029 0.157227 0.0371094
2.74117 14.5885 1.54424 4.79324 1.5949 1.16092 1.86663 9.27091 -0.495376 7.28263 4.15845 0.399792 4.53627 0.658589 0.113041 1.20414  2048 2048 457 0 0 106.092 2.04756 59.9859 9.5483 0.0834961 0.0634766
5.11917 14.5885 1.54424 4.79324 1.5949 0.497757 1.86663 9.27091 -0.495376 7.08182 4.15845 0.399792 8.50978 0.658589 0.113041 1.15244  2048 2048 667 230 0 114.943 2.39224 59.986 10.5883 1.3457 3.06104
2.74117 14.5885 1.54424 4.79324 1.5949 1.635 1.86663 9.27091 -0.495376 7.28263 4.15845 0.399792 4.53627 0.658589 1.28776 0.392468  2048 2048 453 0 0 106.242 2.08506 59.986 9.49976 0.0751953 0.0688477
2.74117 14.5885 1.54424 4.79324 1.5949 0.693747 1.86663 9.27091 -0.495376 7.08182 4.15845 0.399792 4.53627 0.658589 1.28776 0.349742  2048 2048 453 0 0 106.408 2.14181 59.986 9.54142 0.081543 0.0693359
2.74117 14.5885 1.54424 4.79324 1.5949 0.497757 1.86663 9.27091 -0.495376 7.28263 4.15845 0.399792 4.53627 0.658589 0.113041 1.15244  2048 2048 460 0 0 105.508 2.25951 59.9859 9.64122 0.0898438 0.0625
2.74117 14.5885 1.54424 4.79324 1.5949 0.497757 1.86663 9.27091 -0.495376 7.08182 4.15845 0.399792 4.53627 0.658589 1.28776 1.15244  2048 2048 449 0 0 106.525 2.03584 59.986 9.52428 0.0957031 0.0712891
2.74117 14.5885 1.54424 4.79324 1.38487 0.497757 1.86663 9.27091 -0.495376 7.28263 4.15845 0.399792 4.944 0.658589 0.113041 1.20414  2048 2048 460 0 0 105.325 2.08134 59.9859 9.6496 0.0957031 0.065918
2.74117 14.5885 1.54424 4.79324 1.5949 0.497757 1.86663 9.27091 -0.495376 7.08182 4.15845 0.399792 4.53627 0.658589 0.219916 0.349742  2048 2048 460 0 0 105.425 2.10466 59.9859 9.61269 0.078125 0.0668945
2.74117 14.5885 1.54424 4.79324 1.5949 1.16092 1.86663 9.27091 -0.495376 7.08182 4.15845 0.399792 4.944 0.658589 1.28776 0.349742  2048 2048 447 0 0 105.425 2.04239 59.9859 9.46058 0.0957031 0.0708008
2.74117 14.5885 1.54424 4.79324 1.5949 0.497757 1.86663 9.27091 -0.495376 7.08182 4.15845 0.399792 4.53627 0.658589 1.48051 0.349742  2048 2048 451 0 0 106.525 2.0498 59.986 9.56511 0.0722656 0.0678711
2.74117 14.5885 1.54424 4.79324 1.5949 0.497757 0.0277718 9.27091 -0.495376 7.08182 4.15845 0.399792 4.53627 0.984161 1.28776 0.349742  2048 2048 449 0 0 106.092 2.39643 59.9859 10.8122 4.44336 1.07617
2.74117 14.5885 1.54424 4.79324 1.5949 0.497757 1.86663 9.27091 -0.495376 7.08182 4.15845 0.399792 4.944 0.658589 0.113041 0.349742  2048 2048 461 0 0 104.708 2.09161 59.9859 9.61777 0.0810547 0.0664063
2.74117 14.5885 1.54424 4.79324 1.5949 0.497757 1.86663 9.27091 -0.495376 7.28263 4.15845 0.399792 4.53627 0.658589 0.113041 0.392468  2048 2048 462 0 0 104.558 2.11439 59.9859 9.66464 0.0771484 0.0634766
2.74117 14.5885 1.54424 4.79324 1.5949 0.497757 1.86663 8.04224 -0.495376 7.08182 4.15845 0.399792 4.53627 0.658589 1.28776 0.392468  2048 2048 454 0 0 106.375 2.33009 59.986 9.70609 0.0712891 0.0688477
2.74117 14.5885 1.54424 4.79324 1.5949 0.693747 1.86663 9.27091 -0.495376 7.08182 4.15845 0.399792 4.944 0.658589 1.28776 0.392468  2048 2048 450 0 0 106.408 2.2005 59.986 9.5142 0.0712891 0.0708008
2.74117 14.5885 1.54424 4.79324 1.5949 0.693747 1.86663 9.27091 -0.495376 7.08182 4.15845 0.399792 18.7689 0.658589 1.28776 0.392468  2048 2048 432 0 0 104.208 2.12359 59.9859 9.36056 0.0703125 0.0883789
2.74117 14.5885 1.54424 4.79324 1.5949 0.693747 1.86663 9.27091 -0.495376 9.69878 4.15845 0.399792 4.53627 0.658589 1.70324 0.349742  2048 2048 461 0 0 105.258 2.18845 59.9859 10.0622 0.242676 0.0390625
2.74117 14.5885 1.54424 4.79324 1.5949 1.635 1.86663 9.27091 -0.495376 7.08182 4.15845 0.399792 4.53627 0.658589 0.113041 1.15244  2048 2048 453 0 0 106.208 2.16184 59.986 9.4825 0.0761719 0.078125
2.74117 11.3877 1.54424 4.79324 1.5949 0.693747 1.86663 9.27091 -0.495376 7.08182 4.15845 0.399792 4.53627 0.658589 1.28776 0.392468  2048 2048 441 0 0 105.941 2.19614 59.9859 9.45908 0.180664 0.0615234
2.74117 14.5885 1.54424 4.79324 1.5949 0.497757 1.86663 8.04224 -0.495376 7.08182 4.15845 0.399792 4.53627 0.658589 1.28776 0.392468  2048 2048 454 0 0 106.375 2.13127 59.986 9.70618 0.0761719 0.0693359
2.74117 14.5885 1.54424 4.79324 1.5949 0.497757 1.86663 9.27091 -0.495376 7.08182 4.15845 0.399792 4.944 0.658589 0.113041 1.20414  2048 2048 458 0 0 105.808 2.18125 59.9859 9.58393 0.0737305 0.0683594
2.74117 14.5885 1.54424 4.79324 1.5949 1.16092 1.86663 9.27091 -0.495376 7.08182 4.15845 0.399792 4.53627 0.658589 1.28776 0.534135  2048 2048 448 0 0 105.141 2.05888 59.9859 9.46818 0.0742188 0.0717773
2.74117 14.5885 1.54424 4.79324 1.5949 0.497757 1.86663 9.27091 -0.495376 7.28263 4.15845 0.399792 4.53627 0.658589 0.113041 0.392468  2048 2048 462 0 0 104.558 2.05646 59.9859 9.66378 0.0756836 0.0634766
2.74117 14.5885 1.54424 4.79324 1.5949 1.16092 1.86663 9.27091 -0.495376 7.08182 4.15845 0.399792 4.944 0.658589 1.28776 0.349742  2048 2048 447 0 0 105.425 2.12279 59.9859 9.4598 0.0947266 0.0703125
2.74117 14.5885 1.54424 4.79324 1.5949 1.635 1.86663 9.27091 -0.495376 7.28263 4.15845 0.399792 4.53627 0.658589 1.28776 0.349742  2048 2048 453 0 0 106.292 2.24981 59.986 9.49939 0.0771484 0.0688477
2.74117 14.5885 1.54424 4.79324 1.5949 0.497757 1.86663 9.27091 -0.495376 7.08182 4.15845 0.399792 4.944 0.658589 0.113041 1.15244  2048 2048 458 0 0 105.808 2.2692 59.9859 9.58743 0.0703125 0.0668945
2.74117 17.2198 1.54424 4.79324 1.5949 0.497757 1.86663 8.04224 -0.495376 7.08182 4.15845 0.399792 4.53627 0.658589 1.28776 0.349742  2048 2048 463 0 0 105.858 2.31617 59.9859 9.75932 0.0727539 0.0849609
2.74117 14.5885 1.54424 4.79324 1.5949 1.635 1.86663 9.27091 -0.495376 7.28263 4.15845 0.399792 4.944 0.658589 1.28776 0.349742  2048 2048 450 0 0 106.025 2.03467 59.9859 9.47814 0.078125 0.0678711
2.74117 3.96741 1.54424 4.79324 1.5949 0.497757 1.86663 9.27091 -0.495376 6.35701 4.15845 0.399792 4.53627 0.658589 1.28776 0.392468  2048 2048 432 0 0 103.758 2.04655 59.9859 9.12762 5.00342 0.0615234
2.74117 14.5885 1.54424 4.79324 1.5949 1.16092 1.86663 9.27091 -0.495376 7.08182 4.15845 0.399792 4.944 0.658589 0.113041 1.15244  2048 2048 453 0 0 106.525 2.08868 59.986 9.4908 0.125977 0.0698242
2.74117 14.5885 1.54424 4.79324 1.5949 1.16092 1.86663 9.27091 -0.495376 7.28263 4.15845 0.399792 4.944 1.99225 1.28776 0.349742  2048 2048 441 0 0 105.808 2.09677 59.9859 9.48002 0.118164 0.0634766
2.74117 14.5885 1.54424 4.79324 1.5949 0.497757 1.86663 9.27091 -0.495376 1.23783 4.15845 0.399792 4.53627 0.658589 1.28776 0.392468  2048 2048 439 0 0 103.541 1.98192 59.9859 8.81139 0.608398 3.81152
2.74117 14.5885 1.54424 4.79324 1.5949 0.497757 1.86663 9.27091 -0.495376 7.08182 4.15845 0.399792 4.53627 0.658589 1.28776 1.20414  2048 2048 449 0 0 106.525 2.06073 59.986 9.52178 0.0927734 0.0693359
2.74117 14.5885 1.54424 4.79324 1.5949 0.693747 1.86663 9.27091 -0.495376 7.28263 4.15845 0.399792 4.53627 0.658589 0.113041 1.20414  2048 2048 460 0 0 105.541 2.18903 59.9859 9.60258 0.0791016 0.0625
2.74117 14.5885 4.79324 6.05182 1.5949 0.497757 1.86663 9.27091 -0.495376 7.08182 4.15845 0.399792 4.53627 0.658589 1.28776 0.392468  2048 2048 453 0 0 106.025 2.50191 59.9859 9.59197 0.119141 0.0844727
2.74117 14.5885 1.54424 4.79324 1.5949 1.16092 1.86663 9.27091 -0.495376 7.08182 4.15845 0.399792 4.53627 0.658589 1.28776 0.58681  2048 2048 448 0 0 105.125 2.30332 59.9859 9.46303 0.0800781 0.0712891
2.74117 14.5885 1.54424 4.79324 1.5949 1.16092 1.86663 9.27091 -0.495376 7.28263 4.15845 0.399792 4.53627 0.658589 1.28776 1.20414  2048 2048 448 0 0 105.258 2.14604 59.9859 9.48056 0.160156 0.0644531
2.74117 14.5885 1.54424 4.79324 1.5949 0.497757 1.86663 9.27091 -0.495376 7.08182 4.15845 0.399792 3.42906 0.658589 1.28776 0.392468  2048 2048 460 0 0 105.141 2.21802 59.9859 9.59944 0.0732422 0.0698242
5.42894 14.5885 1.54424 4.79324 1.5949 0.497757 1.86663 8.04224 -0.495376 7.08182 4.15845 0.399792 4.53627 0.658589 1.28776 0.392468  2048 2048 702 316 0 119.478 2.61371 59.9861 11.2002 1.86816 4.05957
7.6751 14.5885 1.54424 4.79324 1.5949 0.497757 1.86663 9.27091 -0.495376 7.08182 4.15845 0.399792 4.944 0.658589 0.113041 1.15244  2048 2048 953 900 0 147.291 3.70341 59.9899 13.3522 8.39063 5.9458
2.74117 14.5885 1.54424 4.79324 1.5949 1.635 1.86663 0.254219 -0.495376 7.28263 4.15845 0.399792 4.944 0.658589 0.113041 1.15244  2048 2048 463 0 0 106.025 2.29333 59.9859 11.8502 0.144043 0.0996094
2.74117 14.5885 1.54424 4.79324 1.3748 1.16092 1.86663 9.27091 -0.495376 7.08182 4.15845 0.399792 4.53627 0.658589 1.28776 1.20414  2048 2048 447 0 0 105.358 2.11932 59.9859 9.4503 0.157227 0.0703125
2.74117 14.5885 1.54424 4.79324 1.5949 1.635 1.86663 2.79031 -0.495376 7.28263 4.15845 0.399792 4.53627 0.658589 0.113041 1.20414  2048 2048 465 0 0 105.808 2.222 59.9859 11.4155 0.104492 0.0825195
2.74117 14.5885 1.54424 4.79324 1.5949 0.497757 1.86663 9.27091 -0.495376 3.74279 4.15845 0.399792 4.53627 0.658589 1.28776 0.349742  2048 2048 437 0 0 103.758 1.99141 59.9859 8.79079 0.41748 3.72949
2.74117 14.5885 1.54424 4.79324 1.5949 1.635 1.86663 9.27091 -0.495376 7.08182 4.15845 0.399792 4.944 0.658589 0.113041 1.15244  2048 2048 453 0 0 106.175 2.13739 59.9859 9.46779 0.0849609 0.0751953
2.74117 14.5885 1.54424 4.79324 1.5949 0.693747 1.86663 9.27091 -0.495376 7.28263 4.15845 0.399792 4.53627 0.658589 1.28776 0.392468  2048 2048 453 0 0 106.525 2.76056 59.986 9.58184 0.102539 0.0610352
2.74117 14.1148 1.54424 4.79324 1.5949 0.497757 1.86663 9.27091 -0.495376 7.08182 4.15845 0.399792 4.53627 0.658589 1.28776 0.349742  2048 2048 449 0 0 106.658 2.59308 59.986 9.56501 0.0722656 0.0678711
2.74117 14.5885 1.54424 4.79324 1.5949 0.497757 1.86663 8.04224 -0.495376 7.08182 4.15845 0.399792 4.53627 0.658589 0.607929 0.349742  2048 2048 461 0 0 104.841 2.285 59.9859 9.73365 0.116211 0.0673828
2.74117 17.5024 1.54424 4.79324 1.5949 1.16092 1.86663 9.27091 -0.495376 7.08182 4.15845 0.399792 4.53627 0.658589 1.45366 0.349742  2048 2048 453 0 0 106.092 2.16629 59.9859 9.5249 0.0654297 0.0849609
2.74117 14.5885 1.54424 4.79324 1.5949 0.497757 1.86663 8.04224 -0.495376 7.08182 4.15845 0.399792 4.53627 0.658589 1.28776 1.15244  2048 2048 449 0 0 106.592 2.13395 59.986 9.65539 0.0908203 0.074707
