100 1
1.27628 0.827052 4.72884 5.97491 1.33366 2.08136 0.216315 0.122745 0.544939 2.99997 19.2553 0.100711 0.412976 1.55931  2048 2048 399 0 453 122.828 2.68688 59.9861 12.0442 38.9326 0.0566406
1.27628 0.827052 4.72884 5.97491 1.33366 2.08136 0.335154 0.122745 0.272225 0.289315 19.2553 0.100711 0.412976 1.55931  2048 2048 399 0 466 122.695 2.59995 59.9861 11.9249 37.0981 0.0649414
1.27628 8.96512 4.72884 5.97491 1.33366 2.08136 0.335154 0.122745 0.544939 0.289315 19.2553 0.100711 0.412976 1.55931  2048 2048 399 0 506 122.995 2.4709 59.9861 11.842 27.9131 0.0532227
1.27628 0.512101 4.08979 5.97491 1.33366 2.08136 0.335154 0.122745 0.544939 0.289315 19.2553 0.100711 0.412976 1.55931  2048 2048 398 0 509 121.878 2.39913 59.9861 11.5691 32.3022 0.126953
1.27628 0.827052 4.08979 5.97491 1.33366 2.08136 0.335154 0.122745 0.544939 0.289315 19.2553 0.100711 0.412976 1.55931  2048 2048 398 0 510 122.562 2.46835 59.9861 11.5782 32.2896 0.123535
1.27628 0.827052 4.72884 5.97491 1.33366 2.08136 0.216315 0.122745 0.544939 0.289315 19.2553 0.100711 0.412976 1.55931  2048 2048 399 0 494 124.079 2.51235 59.9861 11.937 36.9614 0.0595703
1.27628 0.827052 4.08979 5.97491 1.33366 2.08136 0.335154 0.122745 0.272225 0.289315 19.2553 0.100711 0.412976 1.55931  2048 2048 398 0 531 122.828 2.60714 59.9861 11.6127 30.9546 0.135742
1.27628 0.827052 4.72884 5.97491 1.33366 2.08136 0.608112 0.122745 0.272225 0.289315 19.2553 0.100711 0.593646 1.55931  2048 2048 398 0 469 123.945 3.03844 59.9861 12.5957 48.4111 0.0341797
1.27628 0.827052 4.72884 5.97491 1.33366 2.08136 0.608112 0.122745 0.272225 0.289315 19.2553 0.100711 0.412976 1.55931  2048 2048 399 0 516 122.428 2.63847 59.9861 11.8879 38.6792 0.065918
2.27302 0.827052 4.08979 5.97491 1.33366 2.08136 0.216315 0.122745 0.272225 7.58873 18.001 0.100711 0.412976 1.55931  2048 2048 400 0 557 122.695 2.73837 59.9861 12.0036 28.3506 0.138184
1.27628 0.827052 4.72884 5.97491 1.33366 2.08136 0.608112 0.630024 0.272225 10.867 19.2553 0.955779 0.593646 1.55931  2048 2048 402 0 729 129.396 3.03452 59.9865 15.5209 101.751 0.206055
1.27628 0.827052 4.08979 5.97491 1.33366 2.08136 0.335154 0.122745 0.544939 7.96899 19.2553 1.85571 0.412976 1.55931  2048 2048 397 0 653 140.243 3.43925 59.9886 16.2864 99.4727 3.23193
1.27628 8.96512 4.08979 5.97491 1.33366 2.08136 0.335154 0.122745 0.544939 0.289315 19.2553 0.100711 0.412976 1.55931  2048 2048 398 0 606 122.695 2.6167 59.9861 11.5626 22.4185 0.13623
1.27628 0.827052 4.08979 5.97491 1.33366 2.08136 0.335154 0.122745 0.272225 18.001 19.2553 0.100711 0.412976 1.55931  2048 2046 403 0 1227 409.611 5.32774 59.9861 11.6137 33.0259 0.258789
1.27628 0.827052 4.08979 5.97491 1.33366 2.08136 0.608112 0.122745 0.272225 0.289315 7.58873 0.100711 0.593646 1.55931  2048 2048 400 0 1265 121.061 2.54132 59.9861 10.7171 16.2695 0.015625
1.27628 0.512101 4.72884 5.97491 1.33366 2.08136 0.335154 0.122745 0.544939 2.99997 19.2553 0.100711 0.412976 1.55931  2048 2048 399 0 510 123.945 2.53529 59.9861 12.0215 39.6035 0.0595703
1.27628 0.827052 4.72884 5.97491 1.33366 2.08136 0.335154 0.122745 0.544939 0.289315 19.2553 0.100711 0.412976 1.55931  2048 2048 399 0 532 122.828 2.54384 59.9861 11.9187 38.166 0.0605469
1.27628 0.827052 4.72884 5.97491 2.08136 40.0021 0.216315 0.122745 0.544939 0.289315 19.2553 0.100711 0.412976 1.55931  2048 2048 404 0 2048 121.328 2.64112 59.9861 10.4846 70.1011 14.6128
1.27628 0.827052 4.72884 5.97491 1.33366 2.08136 0.216315 0.122745 0.544939 0.289315 19.2553 0.35725 0.412976 1.55931  2048 2048 397 0 538 122.128 2.50122 59.9861 11.607 32.208 0.0415039
2.27302 0.512101 4.08979 5.97491 1.33366 2.08136 0.216315 0.122745 0.272225 0.289315 7.58873 0.100711 0.412976 1.55931  2048 2048 400 0 1269 121.595 2.45232 59.9861 10.8112 13.7905 0.0727539
1.27628 0.827052 4.72884 5.97491 1.33366 2.08136 0.216315 0.122745 0.272225 0.289315 19.2553 0.100711 0.412976 1.55931  2048 2048 399 0 476 122.695 2.72818 59.9861 11.9658 36.3853 0.0634766
2.27302 0.827052 4.72884 5.97491 1.33366 2.08136 0.335154 0.122745 0.272225 0.289315 19.2553 0.100711 0.412976 1.55931  2048 2048 400 0 574 123.112 2.65085 59.9861 11.853 28.5459 0.0649414
1.27628 0.827052 4.08979 5.97491 1.33366 2.08136 0.335154 0.122745 0.272225 0.289315 19.2553 1.3845 0.412976 1.55931  2048 2048 396 0 1010 121.778 2.56622 59.9861 10.9217 16.5464 0.0849609
1.27628 0.827052 4.08979 5.97491 1.33366 2.08136 0.216315 0.122745 0.272225 2.99997 19.2553 0.100711 0.412976 1.55931  2048 2048 398 0 483 122.478 2.6337 59.9861 11.7465 32.3794 0.138672
1.27628 0.827052 4.08979 5.97491 1.33366 2.08136 0.608112 0.122745 0.272225 0.289315 19.2553 0.100711 0.412976 1.55931  2048 2048 398 0 561 123.295 2.49923 59.9861 11.6106 32.8652 0.132324
1.27628 8.96512 4.72884 5.97491 1.33366 36.0698 0.335154 0.122745 0.544939 0.289315 19.2553 0.100711 0.412976 1.55931  2048 2048 403 0 2048 120.928 2.6906 59.9861 10.4776 38.5264 17.585
1.27628 0.827052 4.08979 5.97491 1.33366 2.08136 0.216315 0.122745 0.544939 7.58873 14.163 0.100711 0.412976 1.55931  2048 2048 402 0 967 122.695 2.68495 59.9861 11.8496 33.1685 0.180176
1.27628 0.512101 4.08979 5.97491 2.08136 18.8452 0.335154 0.122745 0.544939 0.289315 19.2553 0.100711 0.412976 1.55931  2048 2048 399 0 2048 120.795 2.80695 59.9861 10.4808 76.916 9.33301
1.27628 0.827052 4.72884 5.97491 1.33366 2.08136 0.216315 0.122745 0.544939 0.289315 19.2553 0.100711 0.593646 1.55931  2048 2048 398 0 422 123.629 2.85512 59.9861 12.6698 46.46 0.0449219
1.27628 0.827052 4.72884 5.97491 1.33366 2.08136 0.608112 1.99329 0.272225 0.289315 19.2553 0.100711 0.593646 1.55931  2048 2048 398 0 1133 123.545 2.71662 59.9861 12.8886 93.0225 0.11084
8.79849 0.827052 4.08979 5.97491 1.33366 2.08136 0.216315 0.122745 0.272225 0.289315 19.2553 0.100711 0.412976 1.55931  2048 2048 483 66 1330 132.878 2.59829 59.9872 12.4682 7.32373 5.41943
1.27628 0.827052 4.08979 5.97491 1.33366 2.08136 0.608112 0.122745 0.272225 0.289315 19.2553 0.100711 0.593646 1.55931  2048 2048 397 0 488 123.545 2.58279 59.9861 12.2977 38.6011 0.170898
1.27628 0.827052 4.08979 5.97491 1.33366 2.08136 0.216315 0.122745 0.272225 0.289315 7.58873 0.100711 0.412976 1.55931  2048 2048 400 0 1252 121.978 2.45596 59.9861 10.921 17.9946 0.110352
1.27628 8.96512 4.08979 5.97491 1.33366 2.08136 0.335154 0.122745 0.544939 18.1994 19.2553 0.100711 0.412976 1.55931  2048 2045 403 0 1232 409.611 4.79795 59.9861 11.5138 20.9644 0.231445
1.27628 0.512101 4.72884 5.97491 1.33366 2.08136 0.335154 0.122745 0.544939 0.289315 19.2553 0.100711 0.412976 1.55931  2048 2048 399 0 513 123.229 2.49886 59.9861 11.9202 38.0894 0.059082
1.27628 0.827052 4.72884 5.97491 2.08136 43.7696 0.335154 0.122745 0.272225 0.289315 19.2553 0.100711 0.412976 1.55931  2048 2048 403 0 2047 122.395 2.71636 59.9861 10.5399 71.7837 15.875
1.27628 4.66506 4.72884 5.97491 1.33366 2.08136 0.608112 0.122745 0.272225 0.289315 19.2553 0.100711 0.412976 1.55931  2048 2048 399 0 533 123.945 2.59683 59.9861 11.8491 32.687 0.0610352
1.27628 8.96512 4.72884 5.97491 1.33366 2.08136 0.335154 0.122745 0.544939 0.289315 19.2553 0.100711 0.964263 1.55931  2048 2048 397 0 718 127.963 3.13999 59.9862 14.6548 62.7266 0.306152
1.27628 0.827052 4.72884 5.97491 1.33366 22.0588 0.216315 0.122745 0.544939 0.289315 19.2553 0.100711 0.412976 1.55931  2048 2048 403 0 1868 122.562 2.8904 59.9861 11.2684 127.998 5.72314
2.27302 0.827052 4.08979 5.97491 1.33366 2.08136 0.162481 0.122745 0.544939 5.65142 7.58873 0.100711 0.412976 1.55931  2048 2048 402 0 1292 122.478 2.64885 59.9861 11.1767 16.7642 0.204102
2.27302 0.827052 4.08979 5.97491 1.33366 2.08136 0.335154 0.122745 0.272225 0.289315 19.2553 0.100711 0.412976 1.55931  2048 2048 398 0 551 122.695 2.47188 59.9861 11.5233 22.8696 0.137207
1.79144 0.827052 1.18809 5.97491 1.33366 2.08136 0.335154 1.23154 1.11203 2.66732 19.2553 0.100711 0.412976 1.55931  2048 2048 394 0 1162 123.412 2.54856 59.9861 11.7995 38.0234 6.44092
1.27628 0.827052 4.08979 5.97491 1.33366 2.08136 0.335154 1.96423 0.272225 0.289315 19.2553 0.100711 0.412976 0.468825  2048 2048 398 0 1125 122.112 2.51222 59.9861 11.2011 46.1743 0.209961
1.27628 8.96512 4.72884 5.97491 1.33366 2.08136 0.335154 0.122745 0.272225 0.289315 19.2553 0.100711 0.412976 1.55931  2048 2048 399 0 545 123.295 2.51642 59.9861 11.8768 27.7129 0.0483398
1.27628 0.827052 4.72884 5.97491 1.33366 2.08136 0.608112 0.122745 0.544939 0.289315 19.2553 0.100711 0.412976 1.55931  2048 2048 399 0 526 123.112 2.73714 59.9861 11.888 40.0137 0.0644531
1.27628 0.827052 4.08979 5.97491 1.33366 2.08136 0.216315 0.122745 0.544939 0.289315 19.2553 0.100711 0.412976 1.55931  2048 2048 398 0 530 122.995 2.73252 59.9861 11.6166 30.8667 0.132324
1.27628 6.80074 4.72884 5.97491 1.33366 2.08136 0.608112 0.122745 0.272225 0.289315 19.2553 0.100711 0.412976 1.55931  2048 2048 399 0 560 122.945 2.66655 59.9861 11.8669 30.2261 0.0654297
1.27628 0.827052 4.08979 5.97491 1.33366 2.08136 0.216315 0.122745 0.272225 0.289315 19.2553 0.100711 0.412976 1.55931  2048 2048 398 0 483 122.128 2.55061 59.9861 11.6068 30.3062 0.120117
1.27628 0.827052 4.08979 5.97491 1.33366 2.08136 0.216315 0.122745 1.34947 0.289315 7.58873 0.100711 0.412976 1.55931  2048 2048 400 0 1251 123.095 2.48104 59.9861 10.9628 18.2505 0.123535
1.27628 0.827052 4.08979 5.97491 1.33366 2.08136 0.335154 0.122745 0.544939 2.99997 19.2553 0.100711 0.412976 1.55931  2048 2048 398 0 562 122.178 2.48035 59.9861 11.7338 33.5273 0.151367
1.27628 0.827052 4.08979 5.97491 1.33366 2.08136 0.216315 0.122745 0.272225 7.58873 18.001 0.100711 0.412976 1.55931  2048 2048 399 0 525 123.112 2.47504 59.9861 12.1203 36.9629 0.150879
1.27628 8.96512 4.72884 5.97491 1.33366 2.08136 0.608112 0.122745 0.544939 0.289315 19.2553 0.100711 0.412976 1.55931  2048 2048 399 0 616 123.162 2.62812 59.9861 11.8238 28.4341 0.0668945
2.27302 0.827052 4.08979 5.97491 1.33366 2.08136 0.216315 0.122745 0.272225 7.58873 18.001 0.100711 0.412976 1.47484  2048 2048 400 0 567 123.545 2.56051 59.9861 11.9628 27.6699 0.151367
1.27628 8.96512 4.08979 5.97491 1.33366 2.08136 0.216315 0.122745 0.272225 0.289315 19.2553 0.100711 0.412976 1.55931  2048 2048 398 0 586 122.078 2.54062 59.9861 11.6348 22.9043 0.14502
1.27628 0.512101 4.08979 5.97491 1.33366 2.08136 0.335154 0.122745 0.544939 7.58873 18.001 0.100711 0.412976 1.55931  2048 2048 399 0 566 122.495 2.61561 59.9861 12.1279 39.833 0.145508
1.27628 0.827052 4.72884 5.97491 1.33366 2.08136 0.335154 0.122745 0.272225 0.289315 19.2553 0.100711 0.412976 1.34806  2048 2048 399 0 494 123.078 2.65394 59.9861 11.7416 35.3662 0.0507813
1.27628 0.827052 4.72884 2.837 1.33366 2.08136 0.216315 0.122745 0.544939 2.99997 6.23798 0.100711 0.412976 1.55931  2048 2044 398 0 1256 409.611 5.73648 59.9861 11.1505 23.4063 0.904297
2.27302 0.827052 4.72884 5.97491 1.33366 2.08136 0.216315 0.122745 0.544939 18.001 19.2553 0.100711 0.412976 1.55931  2048 2046 406 0 1230 409.611 5.01559 59.9861 11.9646 29.6572 0.157227
1.27628 0.827052 4.72884 5.97491 1.33366 2.08136 0.335154 0.248115 0.272225 0.289315 19.2553 0.100711 0.412976 1.55931  2048 2048 399 0 526 123.045 2.53662 59.9861 11.9242 38.3599 0.0673828
1.27628 0.827052 4.72884 5.97491 1.33366 2.08136 0.335154 0.382153 0.544939 0.289315 19.2553 0.100711 0.412976 1.55931  2048 2048 399 0 561 122.828 2.48551 59.9861 11.893 39.5845 0.0766602
1.27628 0.827052 4.08979 5.97491 1.33366 2.08136 0.216315 0.122745 0.272225 18.001 19.2553 0.100711 0.412976 1.55931  2048 2047 403 0 1189 409.611 5.93103 59.9861 11.6174 32.3955 0.244141
1.27628 8.96512 4.72884 5.97491 1.33366 2.08136 0.335154 1.0842 0.544939 0.289315 19.2553 0.100711 0.593646 1.55931  2048 2048 398 0 871 123.762 2.80258 59.9861 12.3002 43.7974 0.0302734
1.27628 0.827052 4.72884 5.97491 1.33366 2.08136 0.335154 0.122745 0.272225 0.289315 19.2553 0.100711 0.593646 1.55931  2048 2048 398 0 422 124.212 3.04777 59.9861 12.6516 45.7251 0.0512695
1.27628 0.827052 4.08979 5.97491 1.33366 2.08136 0.335154 0.122745 0.272225 7.58873 18.001 0.100711 0.412976 1.55931  2048 2048 399 0 512 122.695 2.93181 59.9861 12.1024 37.2583 0.123535
1.27628 8.96512 4.72884 5.97491 1.33366 2.08136 0.216315 0.122745 0.544939 0.289315 19.2553 0.100711 0.412976 1.55931  2048 2048 399 0 542 123.412 2.87675 59.9861 11.9117 27.9336 0.0585938
2.27302 0.827052 4.72884 5.97491 1.33366 2.08136 0.216315 0.122745 0.272225 0.289315 7.58873 0.100711 0.412976 1.55931  2048 2048 402 0 1374 122.428 2.79395 59.9861 11.0994 18.3745 0.0493164
1.27628 0.827052 4.72884 5.97491 1.33366 2.08136 0.608112 0.122745 0.544939 0.289315 19.2553 0.100711 0.593646 1.55931  2048 2048 398 0 517 123.945 2.85612 59.9861 12.5914 51.3325 0.0292969
1.27628 0.827052 4.08979 5.97491 1.33366 2.08136 0.335154 0.122745 0.272225 0.289315 1.24516 0.100711 0.412976 1.55931  2048 2045 403 0 1336 409.611 5.37706 59.9861 11.5983 35.5103 0.24707
1.27628 8.96512 4.72884 5.97491 1.33366 2.08136 0.335154 0.122745 0.544939 1.93121 19.2553 0.100711 0.412976 1.55931  2048 2048 399 0 547 123.662 2.87638 59.9861 11.9087 28.6641 0.0600586
1.27628 0.512101 4.08979 5.97491 1.33366 2.08136 0.335154 0.122745 0.272225 0.289315 19.2553 0.100711 0.412976 1.55931  2048 2048 398 0 530 122.562 2.83059 59.9861 11.6006 32.0088 0.113281
1.27628 0.827052 4.72884 5.97491 2.08136 40.0754 0.335154 1.60845 0.544939 0.289315 19.2553 0.100711 0.412976 1.55931  2048 2048 454 0 2048 130.162 4.14005 59.9866 18.6801 240.688 34.4448
1.27628 0.512101 5.36851 5.97491 1.33366 2.08136 0.335154 0.122745 0.544939 0.289315 19.2553 0.100711 0.412976 1.55931  2048 2048 403 0 522 125.346 2.87633 59.9861 12.5147 50.9888 0.0263672
1.27628 0.827052 4.08979 5.97491 1.33366 2.08136 0.335154 0.122745 0.544939 7.58873 18.001 0.100711 0.412976 1.55931  2048 2048 399 0 552 123.078 2.91413 59.9861 12.1038 37.9736 0.124512
1.27628 0.512101 4.72884 5.97491 1.33366 2.08136 0.216315 0.122745 0.544939 0.289315 19.2553 0.100711 0.412976 1.55931  2048 2048 399 0 459 122.995 2.81718 59.9861 11.9152 37.7988 0.059082
6.90756 0.827052 4.72884 5.97491 1.33366 2.08136 0.335154 0.122745 0.272225 0.289315 19.2553 0.100711 0.412976 1.55931  2048 2048 404 0 1231 126.713 3.0125 59.9861 12.2413 6.88135 1.01318
1.27628 0.827052 4.72884 5.97491 2.08136 29.2734 0.608112 0.122745 0.272225 0.289315 19.2553 0.100711 0.412976 1.55931  2048 2048 404 0 2048 121.845 2.88288 59.9861 10.5807 74.7886 15.937
1.27628 0.827052 4.72884 10.914 1.33366 2.08136 0.608112 0.122745 0.272225 7.05527 19.2553 0.100711 0.412976 1.55931  2048 2048 410 0 466 125.079 3.02029 59.9861 13.3105 64.082 0.0522461
1.27628 14.6287 4.72884 5.97491 1.33366 2.08136 0.608112 0.122745 0.272225 0.289315 19.2553 0.100711 0.412976 1.55931  2048 2048 399 0 704 124.212 2.89883 59.9861 11.9546 24.2085 0.074707
1.27628 0.827052 4.72884 5.97491 1.33366 2.08136 0.335154 0.725059 0.272225 0.289315 19.2553 0.100711 0.412976 1.55931  2048 2048 399 0 669 124.879 2.98655 59.9861 11.9669 43.4438 0.0917969
1.27628 0.512101 7.43095 5.97491 1.33366 2.08136 0.335154 0.122745 0.544939 0.289315 19.2553 0.100711 0.412976 1.55931  2048 2039 409 0 1096 409.611 7.77569 60.0036 29.7601 657.461 3.92236
2.27302 0.827052 4.08979 5.97491 1.33366 2.08136 0.216315 0.122745 0.272225 12.0243 18.001 0.100711 0.412976 1.55931  2048 2047 400 0 809 409.611 5.38628 59.9861 11.8113 26.0146 0.147949
1.27628 0.827052 4.08979 5.97491 1.33366 2.08136 0.0668966 0.122745 0.272225 0.289315 19.2553 0.100711 0.412976 1.92114  2048 2048 398 0 474 122.828 2.90128 59.9861 11.9394 32.6543 0.175293
3.01065 8.96512 4.72884 16.4196 1.33366 2.08136 0.335154 0.122745 0.544939 0.289315 19.2553 0.100711 0.412976 1.55931  2048 2048 422 0 1387 131.745 3.24718 59.987 14.1605 10.625 0.00292969
1.27628 8.96512 4.72884 5.97491 1.33366 2.08136 0.216315 0.122745 0.544939 2.99997 17.3095 0.100711 0.412976 1.55931  2048 2048 399 0 665 123.462 2.86865 59.9861 12.0042 29.5205 0.0717773
1.27628 8.96512 4.72884 17.7398 1.33366 2.08136 0.335154 0.122745 0.544939 0.289315 19.2553 0.100711 0.412976 1.55931  2048 2048 411 0 597 127.746 3.04137 59.9862 13.1987 53.4941 0.0322266
1.27628 0.827052 4.72884 5.97491 1.33366 2.08136 0.335154 0.122745 0.290963 0.289315 19.2553 0.100711 0.593646 1.55931  2048 2048 398 0 402 123.695 2.97 59.9861 12.6197 46.1377 0.0478516
8.42891 0.827052 4.72884 5.97491 1.33366 2.08136 0.216315 0.122745 0.544939 0.289315 19.2553 0.100711 0.412976 1.55931  2048 2048 459 26 1320 132.395 3.10956 59.9871 12.8471 7.46924 3.90674
1.27628 0.512101 4.08979 5.97491 1.33366 2.08136 0.608112 0.122745 0.544939 0.289315 19.2553 0.100711 0.593646 1.55931  2048 2048 397 0 558 123.695 2.90933 59.9861 12.3051 43.0059 0.208984
1.27628 0.827052 4.08979 5.97491 1.33366 2.08136 0.335154 0.122745 0.544939 0.289315 7.58873 0.100711 0.412976 1.55931  2048 2048 400 0 1276 121.511 2.7511 59.9861 10.952 18.2598 0.130371
2.27302 0.827052 4.08979 5.97491 1.33366 2.08136 0.216315 0.122745 0.272225 18.001 19.2553 0.100711 0.412976 1.55931  2048 2047 403 0 1171 409.611 5.4078 59.9861 11.4846 20.5859 0.220215
1.91595 6.66097 7.33207 10.7047 9.67742 15.5034 0.664266 1.42613 0.085696 2.88949 13.8804 0.208441 0.445265 1.16184  2048 2017 413 0 1704 409.611 7.38345 60.005 15.7554 200.045 0.0834961
7.45933 17.8076 9.62157 9.22697 9.70946 31.5088 1.16214 1.62444 1.11667 13.1394 17.6543 1.08469 0.694723 1.39463  2048 2042 1390 1045 995 409.611 8.83059 60.0007 35.3935 176.246 215.997
5.02396 11.453 2.54616 19.6606 16.6112 30.842 1.22855 0.293954 1.84307 9.0408 17.6336 0.557329 0.563189 0.873562  2048 2048 1070 0 2032 211.592 9.02409 59.9974 59.7956 590.98 184.858
7.42515 4.43617 9.62951 11.9315 10.5289 22.1244 1.69933 0.0399182 1.98798 11.0794 17.4877 1.7376 0.83169 0.28663  2048 2039 944 76 1953 409.611 8.02347 59.9937 30.1955 175.167 69.3267
8.25098 15.5345 6.62893 1.70476 8.15302 31.6401 0.801477 0.411328 0.0880764 5.65752 10.6095 0.483657 1.32621 0.328929  2048 2048 1169 1366 638 209.01 4.91488 59.9972 18.8012 15.7188 184
8.85891 19.6435 6.00757 9.11649 7.11844 47.9492 0.639424 1.37333 0.288705 16.5886 17.9595 1.85253 1.64928 1.24937  2048 2048 1267 1576 449 290.906 6.6743 60.0021 26.7184 71.5664 261.381
9.04416 0.582293 2.5309 16.35 41.1557 49.3377 1.24766 1.64043 1.86602 4.74563 18.2794 0.592792 0.0974761 0.902921  2048 2048 469 0 1953 145.792 5.26369 59.9896 33.471 492.421 73.042
4.17982 0.657979 0.289315 17.3113 4.37483 17.0064 0.917142 1.25278 0.836207 4.8616 8.22718 1.49181 0.834376 0.599628  2048 773 4935 14 732 409.611 29.6452 60.0057 72.7249 1798.75 157.121
6.98172 13.1388 9.4174 4.72732 25.428 45.7289 0.912015 1.54308 1.70128 9.90082 10.015 0.71511 1.39256 0.028077  2048 2046 1682 339 1703 409.611 10.7178 59.9992 53.0107 478.65 263.835
2.20618 2.72591 2.37526 10.5033 44.4807 48.9898 0.321604 0.759545 0.0420545 6.8923 10.2963 1.45994 0.0507828 0.114872  2048 2048 396 0 1710 121.011 2.78973 59.9861 10.9253 15.2314 6.71289
